0.000424	0.820879	0.009270	0.169427	2
0.000000	0.000017	0.999972	0.000011	3
0.000020	0.000015	0.999710	0.000254	3
0.971275	0.000002	0.028669	0.000054	1
0.154093	0.000136	0.844684	0.001087	3
0.000286	0.626940	0.227808	0.144966	2
0.000051	0.000402	0.998972	0.000574	3
0.002200	0.114692	0.012584	0.870524	4
0.000051	0.000093	0.999763	0.000093	3
0.003526	0.929105	0.001627	0.065742	2
0.945800	0.000027	0.053980	0.000193	1
0.012814	0.824896	0.004572	0.157719	2
0.999885	0.000032	0.000028	0.000055	1
0.995655	0.000060	0.003625	0.000659	1
0.073666	0.619033	0.261866	0.045436	2
0.000001	0.000012	0.999980	0.000006	3
0.003419	0.025905	0.112135	0.858541	4
0.013648	0.178640	0.054176	0.753536	4
0.000027	0.000044	0.999807	0.000121	3
0.972854	0.000014	0.026663	0.000469	1
0.991037	0.002990	0.003051	0.002923	1
0.979375	0.000224	0.020244	0.000157	1
0.000269	0.994518	0.000594	0.004619	2
0.000033	0.000624	0.999183	0.000160	3
0.997054	0.000008	0.002879	0.000058	1
0.000003	0.000101	0.999781	0.000116	3
0.000128	0.968610	0.004057	0.027205	2
0.983480	0.000833	0.014960	0.000726	1
0.005008	0.002329	0.986372	0.006291	3
0.000044	0.985707	0.000319	0.013931	2
0.000875	0.000092	0.998996	0.000037	3
0.000002	0.000218	0.999639	0.000141	3
0.042389	0.281040	0.089043	0.587527	4
0.999405	0.000009	0.000500	0.000086	1
0.000265	0.690327	0.009749	0.299660	2
0.000166	0.000809	0.997988	0.001037	3
0.994377	0.000378	0.001371	0.003873	1
0.000146	0.934402	0.000594	0.064857	2
0.998382	0.000013	0.001518	0.000087	1
0.132405	0.050018	0.717076	0.100501	3
0.950434	0.002730	0.030126	0.016710	1
0.971952	0.003058	0.004479	0.020510	1
0.975543	0.000437	0.018583	0.005437	1
0.000071	0.975524	0.000081	0.024324	2
0.000005	0.997465	0.000033	0.002497	2
0.000381	0.000002	0.999611	0.000007	3
0.000011	0.000457	0.999004	0.000527	3
0.933292	0.000048	0.065345	0.001315	1
0.000055	0.014743	0.980981	0.004221	3
0.980103	0.000632	0.006245	0.013021	1
0.995761	0.000002	0.004208	0.000029	1
0.002150	0.051013	0.000985	0.945852	4
0.954166	0.000310	0.026332	0.019192	1
0.000202	0.932388	0.000191	0.067218	2
0.007746	0.003635	0.955656	0.032963	3
0.000346	0.971542	0.002150	0.025962	2
0.003410	0.145509	0.691079	0.160003	3
0.029550	0.920654	0.000517	0.049279	2
0.000001	0.000008	0.999986	0.000005	3
0.004457	0.092795	0.004878	0.897869	4
0.133216	0.003812	0.815449	0.047523	3
0.033970	0.000109	0.965671	0.000250	3
0.020075	0.732808	0.000243	0.246873	2
0.830655	0.006797	0.044110	0.118438	1
0.999064	0.000003	0.000845	0.000088	1
0.873008	0.000803	0.123800	0.002390	1
0.185899	0.318867	0.002713	0.492522	4
0.000996	0.104535	0.892820	0.001648	3
0.979948	0.000443	0.018243	0.001366	1
0.993663	0.000140	0.003915	0.002282	1
0.004561	0.000974	0.993554	0.000911	3
0.154670	0.010019	0.815150	0.020162	3
0.487366	0.001267	0.508488	0.002879	3
0.000505	0.934913	0.000018	0.064564	2
0.999798	0.000002	0.000185	0.000015	1
0.000102	0.000145	0.999598	0.000155	3
0.000210	0.512715	0.042771	0.444303	2
0.999672	0.000000	0.000313	0.000014	1
0.017734	0.924304	0.009753	0.048210	2
0.005327	0.938171	0.003467	0.053034	2
0.000071	0.000218	0.999479	0.000233	3
0.999512	0.000018	0.000367	0.000103	1
0.998448	0.000018	0.001465	0.000068	1
0.799651	0.000346	0.093133	0.106870	1
0.999986	0.000000	0.000005	0.000009	1
0.009352	0.218495	0.003190	0.768962	4
0.000013	0.991470	0.000008	0.008509	2
0.000055	0.001369	0.998152	0.000424	3
0.007253	0.036648	0.935125	0.020974	3
0.996498	0.000002	0.003079	0.000421	1
0.975263	0.011910	0.004678	0.008149	1
0.980016	0.000094	0.019518	0.000371	1
0.002818	0.918814	0.000682	0.077687	2
0.508376	0.010637	0.014535	0.466452	1
0.000025	0.000002	0.999956	0.000017	3
0.007514	0.000481	0.990310	0.001695	3
0.000008	0.987680	0.000082	0.012230	2
0.000002	0.000024	0.999840	0.000135	3
0.000067	0.973861	0.002938	0.023133	2
0.921548	0.000011	0.078397	0.000044	1
0.000001	0.000032	0.999951	0.000016	3
0.000025	0.954195	0.040056	0.005724	2
0.979895	0.000135	0.014128	0.005843	1
0.037709	0.005837	0.953225	0.003230	3
0.000077	0.319554	0.000786	0.679583	4
0.000203	0.964688	0.000182	0.034927	2
0.000014	0.946244	0.000032	0.053710	2
0.000017	0.000266	0.999707	0.000010	3
0.000171	0.000323	0.999112	0.000394	3
0.991071	0.000001	0.008866	0.000062	1
0.000380	0.000466	0.998864	0.000290	3
0.000430	0.000006	0.999546	0.000018	3
0.760007	0.000209	0.239057	0.000727	1
0.963637	0.000797	0.032685	0.002881	1
0.000879	0.714669	0.000642	0.283810	2
0.000096	0.995953	0.000008	0.003943	2
0.000000	0.000001	0.999994	0.000005	3
0.837730	0.006213	0.122645	0.033412	1
0.001501	0.887492	0.001211	0.109796	2
0.942644	0.016666	0.038733	0.001957	1
0.007298	0.503370	0.001528	0.487803	2
0.000019	0.000214	0.999686	0.000081	3
0.000018	0.000021	0.999896	0.000065	3
0.976986	0.000997	0.021154	0.000863	1
0.000001	0.000322	0.999391	0.000286	3
0.023721	0.875232	0.006409	0.094638	2
0.999527	0.000001	0.000466	0.000005	1
0.998812	0.000011	0.000729	0.000449	1
0.999491	0.000003	0.000359	0.000147	1
0.009549	0.749281	0.017006	0.224164	2
0.000141	0.995722	0.000016	0.004121	2
0.000004	0.000069	0.999435	0.000492	3
0.002992	0.000121	0.996717	0.000170	3
0.013591	0.632100	0.005295	0.349014	2
0.000004	0.000106	0.999833	0.000058	3
0.000294	0.006084	0.957022	0.036600	3
0.111224	0.000148	0.881813	0.006814	3
0.000039	0.997011	0.000423	0.002527	2
0.001549	0.990106	0.000866	0.007479	2
0.172465	0.675495	0.120305	0.031735	2
0.003722	0.206533	0.018939	0.770806	4
0.000096	0.000648	0.990606	0.008650	3
0.000612	0.964739	0.004396	0.030253	2
0.000492	0.404376	0.001879	0.593254	4
0.000140	0.970804	0.015568	0.013488	2
0.000077	0.000007	0.999912	0.000004	3
0.000487	0.839218	0.016838	0.143457	2
0.000174	0.922732	0.000610	0.076484	2
0.000001	0.001241	0.998711	0.000047	3
0.000007	0.000114	0.999843	0.000037	3
0.998674	0.000003	0.001287	0.000036	1
0.116593	0.674296	0.021398	0.187714	2
0.000063	0.967262	0.000129	0.032546	2
0.061498	0.826985	0.071707	0.039810	2
0.962459	0.000144	0.036562	0.000835	1
0.000105	0.963819	0.000058	0.036018	2
0.717692	0.000062	0.281411	0.000835	1
0.000012	0.000045	0.999925	0.000018	3
0.000915	0.964298	0.000367	0.034420	2
0.000073	0.922732	0.000240	0.076954	2
0.049765	0.000005	0.950166	0.000064	3
0.000006	0.000001	0.999985	0.000009	3
0.004519	0.286936	0.000994	0.707552	4
0.982358	0.000003	0.017553	0.000086	1
0.000002	0.000103	0.999844	0.000050	3
0.000169	0.014232	0.000354	0.985245	4
0.000149	0.686967	0.000427	0.312457	2
0.942642	0.000682	0.051899	0.004776	1
0.999623	0.000019	0.000179	0.000179	1
0.998731	0.000120	0.000983	0.000166	1
0.000004	0.998802	0.000028	0.001166	2
0.999280	0.000004	0.000657	0.000058	1
0.038504	0.000290	0.960514	0.000692	3
0.000208	0.345968	0.015253	0.638571	4
0.036052	0.046830	0.014566	0.902552	4
0.000001	0.000032	0.999960	0.000008	3
0.000046	0.003512	0.993154	0.003287	3
0.000496	0.681419	0.036864	0.281221	2
0.000010	0.000021	0.999958	0.000011	3
0.910671	0.001737	0.043647	0.043945	1
0.999079	0.000003	0.000908	0.000010	1
0.967044	0.002323	0.023492	0.007141	1
0.995668	0.000002	0.004312	0.000019	1
0.000560	0.823341	0.018755	0.157343	2
0.000629	0.000212	0.993449	0.005710	3
0.002910	0.211294	0.029508	0.756287	4
0.996280	0.000009	0.003677	0.000034	1
0.996617	0.001426	0.001481	0.000477	1
0.000856	0.855332	0.007243	0.136570	2
0.001080	0.923751	0.000044	0.075125	2
0.999374	0.000001	0.000597	0.000028	1
0.007867	0.000997	0.989702	0.001434	3
0.004229	0.004514	0.988704	0.002553	3
0.990955	0.001862	0.003760	0.003423	1
0.079614	0.286878	0.002654	0.630854	4
0.000048	0.000431	0.999170	0.000351	3
0.999264	0.000019	0.000351	0.000366	1
0.000048	0.000363	0.997700	0.001888	3
0.000123	0.004351	0.985134	0.010393	3
0.999086	0.000061	0.000302	0.000551	1
0.000036	0.881386	0.001152	0.117427	2
0.008273	0.062249	0.001023	0.928455	4
0.000140	0.000025	0.999640	0.000195	3
0.998395	0.000002	0.001592	0.000011	1
0.997354	0.000007	0.001092	0.001547	1
0.000198	0.971617	0.004796	0.023388	2
0.004480	0.974308	0.001811	0.019401	2
0.001221	0.000009	0.998749	0.000021	3
0.993719	0.000028	0.005816	0.000437	1
0.866878	0.000405	0.115263	0.017454	1
0.000040	0.000210	0.999521	0.000228	3
0.000360	0.021934	0.010622	0.967084	4
0.000013	0.000062	0.999895	0.000030	3
0.039618	0.000032	0.959276	0.001074	3
0.763036	0.008094	0.181888	0.046982	1
0.986330	0.000478	0.011659	0.001533	1
0.000176	0.000295	0.997039	0.002490	3
0.998417	0.000054	0.001447	0.000082	1
0.000244	0.000228	0.999302	0.000226	3
0.000360	0.917285	0.002339	0.080016	2
0.000104	0.970409	0.000394	0.029092	2
0.011477	0.163180	0.134024	0.691319	4
0.000076	0.000079	0.999760	0.000085	3
0.015783	0.086816	0.861371	0.036030	3
0.997315	0.000001	0.002667	0.000017	1
0.851126	0.001126	0.133730	0.014018	1
0.001395	0.549048	0.008147	0.441410	2
0.001593	0.267466	0.006602	0.724340	4
0.999944	0.000001	0.000040	0.000016	1
0.274566	0.305287	0.003591	0.416557	4
0.001552	0.029412	0.001806	0.967231	4
0.000855	0.899516	0.000438	0.099190	2
0.996609	0.000330	0.001039	0.002021	1
0.000276	0.970730	0.002768	0.026227	2
0.001245	0.000633	0.998077	0.000044	3
0.000000	0.000010	0.999988	0.000002	3
0.005027	0.016525	0.943812	0.034636	3
0.999327	0.000003	0.000600	0.000070	1
0.000429	0.000323	0.998763	0.000485	3
0.005795	0.009281	0.000059	0.984864	4
0.020983	0.451953	0.017770	0.509294	4
0.000328	0.002619	0.989942	0.007110	3
0.000126	0.000008	0.999646	0.000220	3
0.663987	0.072990	0.058986	0.204037	1
0.000022	0.987831	0.000026	0.012122	2
0.009122	0.010419	0.004806	0.975654	4
0.001117	0.365266	0.000039	0.633578	4
0.001009	0.053942	0.100847	0.844203	4
0.000001	0.000006	0.999979	0.000015	3
0.000002	0.000140	0.999419	0.000439	3
0.043573	0.002128	0.013734	0.940566	4
0.314938	0.006946	0.463193	0.214923	3
0.004182	0.006330	0.985756	0.003732	3
0.001352	0.000431	0.996531	0.001685	3
0.002406	0.150338	0.042834	0.804422	4
0.735358	0.007147	0.227822	0.029673	1
0.000880	0.002635	0.992381	0.004104	3
0.000188	0.000082	0.999624	0.000107	3
0.503309	0.190306	0.216715	0.089669	1
0.999763	0.000001	0.000231	0.000006	1
0.005919	0.174080	0.000196	0.819806	4
0.999171	0.000130	0.000509	0.000190	1
0.001963	0.994865	0.000334	0.002838	2
0.930850	0.004443	0.001296	0.063412	1
0.980611	0.000174	0.015787	0.003428	1
0.000006	0.000032	0.999934	0.000028	3
0.008692	0.336112	0.039739	0.615456	4
0.996092	0.000013	0.003806	0.000089	1
0.173477	0.636220	0.146583	0.043720	2
0.990368	0.000046	0.009163	0.000423	1
0.997758	0.000095	0.001704	0.000443	1
0.000296	0.956612	0.002935	0.040157	2
0.137922	0.104039	0.010022	0.748017	4
0.993228	0.000002	0.006738	0.000032	1
0.000012	0.000073	0.999806	0.000109	3
0.974715	0.000715	0.023814	0.000755	1
0.022814	0.261690	0.005464	0.710032	4
0.992722	0.000070	0.006395	0.000813	1
0.000040	0.903026	0.000154	0.096780	2
0.003023	0.904281	0.000695	0.092001	2
0.993054	0.000049	0.006654	0.000243	1
0.000001	0.000005	0.999991	0.000004	3
0.048653	0.005484	0.942992	0.002871	3
0.000009	0.000013	0.999958	0.000020	3
0.834776	0.013224	0.006995	0.145005	1
0.999654	0.000038	0.000201	0.000107	1
0.000005	0.000376	0.999469	0.000150	3
0.098875	0.000424	0.894642	0.006060	3
0.957119	0.000261	0.041085	0.001534	1
0.624056	0.312747	0.003859	0.059338	1
0.947916	0.022494	0.013781	0.015808	1
0.486149	0.000956	0.504064	0.008831	3
0.000140	0.969604	0.000055	0.030201	2
0.057541	0.019326	0.841308	0.081825	3
0.962944	0.002924	0.011678	0.022454	1
0.000937	0.055179	0.007422	0.936462	4
0.995738	0.000641	0.002821	0.000799	1
0.985017	0.002353	0.006316	0.006314	1
0.075080	0.005853	0.914664	0.004402	3
0.050875	0.158142	0.039254	0.751729	4
0.000147	0.986455	0.000060	0.013338	2
0.990259	0.000180	0.008990	0.000571	1
0.000050	0.896881	0.000013	0.103056	2
0.999807	0.000001	0.000156	0.000036	1
0.999648	0.000006	0.000286	0.000060	1
0.079469	0.667315	0.033358	0.219857	2
0.000954	0.000885	0.997424	0.000736	3
0.007278	0.178306	0.001508	0.812908	4
0.997809	0.000786	0.001204	0.000201	1
0.000976	0.984767	0.002830	0.011428	2
0.999361	0.000066	0.000132	0.000441	1
0.000018	0.001491	0.998421	0.000070	3
0.002263	0.002605	0.983551	0.011581	3
0.819668	0.000078	0.179520	0.000733	1
0.000880	0.972164	0.002617	0.024339	2
0.000258	0.000139	0.999204	0.000399	3
0.014837	0.025921	0.123137	0.836105	4
0.001085	0.000215	0.997528	0.001173	3
0.000136	0.994944	0.000639	0.004280	2
0.133127	0.030417	0.754322	0.082134	3
0.056377	0.001941	0.938959	0.002723	3
0.995812	0.000026	0.004061	0.000101	1
0.992264	0.000406	0.006668	0.000662	1
0.999557	0.000013	0.000341	0.000089	1
0.000515	0.201079	0.000391	0.798015	4
0.000026	0.000054	0.999734	0.000187	3
0.997052	0.000422	0.000920	0.001606	1
0.000721	0.023285	0.963930	0.012064	3
0.983442	0.001241	0.005751	0.009567	1
0.000013	0.000398	0.999506	0.000083	3
0.000006	0.005627	0.993347	0.001020	3
0.010324	0.751509	0.002853	0.235314	2
0.270904	0.005859	0.716532	0.006705	3
0.998178	0.000140	0.000263	0.001419	1
0.000042	0.959394	0.000448	0.040116	2
0.994415	0.000072	0.001799	0.003713	1
0.000073	0.885565	0.000115	0.114248	2
0.999362	0.000002	0.000612	0.000024	1
0.000847	0.851565	0.002993	0.144595	2
0.032982	0.398205	0.004881	0.563932	4
0.000001	0.000503	0.999477	0.000019	3
0.001407	0.865366	0.001298	0.131929	2
0.001282	0.000441	0.994370	0.003907	3
0.000166	0.000728	0.998839	0.000266	3
0.015302	0.885393	0.026063	0.073242	2
0.892398	0.033915	0.070007	0.003681	1
0.994877	0.000853	0.001234	0.003036	1
0.001411	0.980060	0.006415	0.012114	2
0.000161	0.000033	0.999069	0.000737	3
0.000063	0.000665	0.994175	0.005097	3
0.001839	0.996189	0.000080	0.001892	2
0.970060	0.001561	0.019531	0.008848	1
0.981461	0.000357	0.016187	0.001995	1
0.000041	0.000604	0.999181	0.000174	3
0.998822	0.000061	0.000494	0.000624	1
0.000052	0.000005	0.999915	0.000028	3
0.000111	0.054954	0.000031	0.944904	4
0.999852	0.000126	0.000009	0.000013	1
0.996468	0.000537	0.000325	0.002671	1
0.021614	0.000023	0.977981	0.000382	3
0.006208	0.565303	0.106943	0.321546	2
0.996885	0.000000	0.003101	0.000014	1
0.994985	0.000139	0.003291	0.001585	1
0.989172	0.000089	0.010443	0.000295	1
0.000024	0.000007	0.999961	0.000007	3
0.000613	0.006370	0.986363	0.006654	3
0.999611	0.000002	0.000354	0.000033	1
0.703652	0.010778	0.226848	0.058722	1
0.000152	0.360131	0.000160	0.639557	4
0.000814	0.958287	0.001240	0.039659	2
0.000008	0.000234	0.999731	0.000027	3
0.998354	0.000313	0.000485	0.000848	1
0.021512	0.705191	0.000628	0.272669	2
0.009897	0.020176	0.000170	0.969757	4
0.989519	0.002976	0.000535	0.006969	1
0.000715	0.882034	0.001990	0.115261	2
0.000363	0.695312	0.070417	0.233909	2
0.995291	0.000056	0.004324	0.000329	1
0.993105	0.004960	0.000431	0.001504	1
0.985978	0.000708	0.011784	0.001531	1
0.998339	0.000203	0.000641	0.000817	1
0.999757	0.000001	0.000223	0.000019	1
0.000002	0.000004	0.999942	0.000051	3
0.997864	0.000018	0.001620	0.000498	1
0.000226	0.000089	0.998225	0.001459	3
0.003993	0.041085	0.001572	0.953349	4
0.003662	0.053045	0.896128	0.047165	3
0.000008	0.000079	0.999876	0.000038	3
0.999908	0.000001	0.000085	0.000007	1
0.998955	0.000001	0.001017	0.000027	1
0.024030	0.476382	0.005678	0.493910	4
0.002422	0.183571	0.000115	0.813891	4
0.000757	0.401640	0.000817	0.596786	4
0.000270	0.000059	0.999319	0.000352	3
0.998660	0.000005	0.000107	0.001228	1
0.001327	0.822432	0.002296	0.173944	2
0.000004	0.000621	0.999328	0.000047	3
0.000142	0.958967	0.000053	0.040837	2
0.999542	0.000004	0.000413	0.000042	1
0.001075	0.785883	0.000499	0.212543	2
0.041525	0.001634	0.953078	0.003762	3
0.000487	0.000112	0.999226	0.000174	3
0.996803	0.000046	0.002499	0.000652	1
0.996456	0.000043	0.002094	0.001407	1
0.207811	0.116511	0.021224	0.654454	4
0.304366	0.000245	0.695019	0.000371	3
0.000101	0.810637	0.001889	0.187373	2
0.605114	0.000084	0.394436	0.000365	1
0.978712	0.001215	0.000369	0.019704	1
0.999978	0.000000	0.000014	0.000007	1
0.001549	0.628761	0.000754	0.368937	2
0.000526	0.043313	0.000438	0.955722	4
0.000084	0.869980	0.000204	0.129732	2
0.028564	0.284024	0.069377	0.618035	4
0.012012	0.000631	0.982492	0.004864	3
0.027016	0.193095	0.002934	0.776955	4
0.983584	0.007537	0.001494	0.007385	1
0.165864	0.355228	0.333097	0.145811	2
0.945623	0.002510	0.035296	0.016571	1
0.000135	0.310949	0.000266	0.688651	4
0.000037	0.994117	0.000060	0.005786	2
0.000030	0.984016	0.000054	0.015900	2
0.043715	0.053415	0.029806	0.873063	4
0.947456	0.000051	0.051973	0.000519	1
0.000143	0.000030	0.999784	0.000044	3
0.995750	0.000098	0.003038	0.001114	1
0.000160	0.967483	0.000149	0.032208	2
0.000048	0.000190	0.998908	0.000854	3
0.000215	0.000225	0.999408	0.000152	3
0.993235	0.000010	0.006399	0.000356	1
0.000040	0.000003	0.999956	0.000001	3
0.000101	0.001105	0.998207	0.000587	3
0.000028	0.000057	0.999830	0.000085	3
0.999166	0.000076	0.000498	0.000260	1
0.017927	0.009977	0.070079	0.902017	4
0.000013	0.000009	0.999865	0.000114	3
0.998886	0.000002	0.001079	0.000033	1
0.999090	0.000390	0.000154	0.000366	1
0.519776	0.000571	0.477802	0.001851	1
0.999920	0.000000	0.000078	0.000002	1
0.988295	0.003724	0.001467	0.006514	1
0.992756	0.000431	0.003157	0.003656	1
0.000113	0.002267	0.997342	0.000278	3
0.063749	0.000473	0.924199	0.011579	3
0.983346	0.000048	0.016385	0.000221	1
0.816420	0.060037	0.009609	0.113934	1
0.810373	0.000147	0.188562	0.000918	1
0.993403	0.000348	0.005523	0.000726	1
0.000003	0.000047	0.999791	0.000158	3
0.999486	0.000117	0.000194	0.000203	1
0.999899	0.000005	0.000084	0.000012	1
0.029965	0.632110	0.064939	0.272987	2
0.980597	0.000032	0.016713	0.002658	1
0.000005	0.000388	0.999401	0.000207	3
0.016682	0.904731	0.002876	0.075710	2
0.004438	0.774341	0.002267	0.218954	2
0.015002	0.233181	0.004382	0.747435	4
0.048564	0.725145	0.000613	0.225678	2
0.001447	0.980302	0.000623	0.017628	2
0.000479	0.488793	0.493238	0.017489	3
0.057042	0.159108	0.621538	0.162311	3
0.183436	0.055826	0.056405	0.704333	4
0.020659	0.651143	0.000632	0.327565	2
0.644714	0.000587	0.330425	0.024274	1
0.995246	0.000194	0.000418	0.004142	1
0.000310	0.141340	0.001407	0.856942	4
0.996292	0.000002	0.003491	0.000215	1
0.000514	0.691891	0.240606	0.066989	2
0.003662	0.133235	0.756426	0.106676	3
0.000063	0.906381	0.000060	0.093496	2
0.999526	0.000015	0.000067	0.000392	1
0.979773	0.002013	0.010667	0.007547	1
0.995619	0.000003	0.004356	0.000022	1
0.012920	0.927194	0.005911	0.053974	2
0.005602	0.023197	0.028343	0.942859	4
0.574868	0.176289	0.001267	0.247575	1
0.000071	0.000121	0.999704	0.000104	3
0.022293	0.000029	0.977208	0.000471	3
0.000283	0.000057	0.998743	0.000916	3
0.001816	0.966241	0.004539	0.027404	2
0.000465	0.003011	0.995685	0.000839	3
0.993060	0.000041	0.005316	0.001582	1
0.007730	0.048082	0.030265	0.913923	4
0.999931	0.000001	0.000063	0.000006	1
0.000230	0.964626	0.005170	0.029974	2
0.008186	0.036007	0.004294	0.951513	4
0.000384	0.000027	0.999557	0.000032	3
0.009664	0.001555	0.987887	0.000893	3
0.994434	0.000167	0.005069	0.000331	1
0.955940	0.000011	0.043923	0.000126	1
0.999042	0.000001	0.000946	0.000011	1
0.998376	0.000006	0.001554	0.000064	1
0.001856	0.723409	0.008980	0.265755	2
0.996677	0.000000	0.003284	0.000039	1
0.000007	0.000071	0.999670	0.000252	3
0.000069	0.420101	0.001154	0.578676	4
0.998473	0.000013	0.001348	0.000166	1
0.998661	0.000173	0.000303	0.000863	1
0.026280	0.919261	0.008210	0.046249	2
0.002588	0.001248	0.985344	0.010820	3
0.754661	0.070384	0.009449	0.165507	1
0.002536	0.000235	0.995939	0.001290	3
0.654274	0.002968	0.001918	0.340840	1
0.226164	0.001343	0.766324	0.006168	3
0.999947	0.000000	0.000050	0.000003	1
0.998982	0.000002	0.000998	0.000018	1
0.000489	0.000195	0.998448	0.000868	3
0.998675	0.000049	0.000891	0.000385	1
0.000543	0.000010	0.999387	0.000060	3
0.008792	0.925905	0.000962	0.064341	2
0.999634	0.000001	0.000319	0.000046	1
0.995698	0.000003	0.004211	0.000088	1
0.995318	0.000088	0.004498	0.000096	1
0.991482	0.000492	0.004878	0.003148	1
0.005625	0.148704	0.029272	0.816398	4
0.001202	0.961639	0.000071	0.037088	2
0.576876	0.000220	0.418290	0.004614	1
0.999217	0.000006	0.000477	0.000301	1
0.999354	0.000211	0.000115	0.000319	1
0.410029	0.021192	0.520860	0.047919	3
0.000005	0.000002	0.999959	0.000033	3
0.996729	0.000046	0.002638	0.000587	1
0.000968	0.000583	0.997111	0.001338	3
0.949176	0.003337	0.033074	0.014413	1
0.002125	0.000099	0.997272	0.000504	3
0.998660	0.000001	0.001317	0.000023	1
0.000342	0.347309	0.647729	0.004620	3
0.010597	0.006822	0.972422	0.010159	3
0.320817	0.000013	0.678850	0.000320	3
0.010175	0.675763	0.012025	0.302037	2
0.999876	0.000001	0.000115	0.000008	1
0.976870	0.000022	0.022240	0.000868	1
0.039423	0.858023	0.003221	0.099333	2
0.000062	0.987399	0.000003	0.012536	2
0.019008	0.579475	0.006765	0.394753	2
0.999855	0.000001	0.000089	0.000056	1
0.008772	0.000945	0.982576	0.007707	3
0.000125	0.538498	0.002957	0.458419	2
0.176917	0.175206	0.482799	0.165077	3
0.002223	0.978275	0.000391	0.019112	2
0.239510	0.243316	0.344955	0.172219	3
0.000005	0.000108	0.999821	0.000065	3
0.983867	0.001802	0.001721	0.012610	1
0.993963	0.000001	0.006029	0.000007	1
0.910077	0.045745	0.002824	0.041354	1
0.107094	0.745324	0.014442	0.133140	2
0.982192	0.000002	0.017779	0.000028	1
0.994076	0.000542	0.002825	0.002556	1
0.998150	0.000011	0.001823	0.000016	1
0.000073	0.931568	0.000453	0.067905	2
0.998782	0.000147	0.000456	0.000615	1
0.979310	0.001128	0.016492	0.003070	1
0.000137	0.937545	0.003353	0.058965	2
0.931067	0.000012	0.068818	0.000103	1
0.000009	0.000000	0.999986	0.000005	3
0.000010	0.000318	0.999355	0.000317	3
0.004077	0.000106	0.995464	0.000353	3
0.014986	0.108740	0.855411	0.020863	3
0.000089	0.000104	0.999478	0.000329	3
0.999681	0.000031	0.000022	0.000267	1
0.999984	0.000000	0.000011	0.000005	1
0.007231	0.939988	0.032671	0.020110	2
0.019230	0.905306	0.003550	0.071914	2
0.248156	0.004975	0.737343	0.009526	3
0.000006	0.978665	0.000092	0.021237	2
0.960018	0.000227	0.039324	0.000431	1
0.080258	0.637806	0.004971	0.276966	2
0.983379	0.000166	0.016241	0.000213	1
0.002790	0.000487	0.996092	0.000630	3
0.988594	0.000412	0.006525	0.004469	1
0.207739	0.040541	0.718626	0.033094	3
0.997648	0.000556	0.000348	0.001447	1
0.002386	0.007913	0.984086	0.005615	3
0.407937	0.000007	0.590608	0.001448	3
0.996039	0.000163	0.002246	0.001552	1
0.000162	0.568497	0.110059	0.321283	2
0.998638	0.000676	0.000278	0.000408	1
0.000565	0.995449	0.000167	0.003819	2
0.375440	0.000691	0.621757	0.002112	3
0.000511	0.962420	0.000061	0.037007	2
0.000379	0.000015	0.999513	0.000093	3
0.999921	0.000000	0.000075	0.000004	1
0.000094	0.651286	0.053527	0.295093	2
0.000464	0.066086	0.001611	0.931838	4
0.018096	0.002193	0.964144	0.015567	3
0.999931	0.000001	0.000036	0.000032	1
0.011457	0.001302	0.986148	0.001092	3
0.974512	0.000388	0.020094	0.005006	1
0.000498	0.098872	0.000248	0.900381	4
0.181046	0.000312	0.815480	0.003163	3
0.008179	0.988049	0.000073	0.003700	2
0.308611	0.662856	0.001769	0.026764	2
0.014062	0.492854	0.003999	0.489085	2
0.998525	0.000107	0.001242	0.000126	1
0.976048	0.000171	0.023332	0.000449	1
0.000111	0.000281	0.999469	0.000139	3
0.000004	0.000006	0.999976	0.000014	3
0.938660	0.017181	0.013571	0.030588	1
0.000200	0.000141	0.999262	0.000396	3
0.000013	0.983804	0.000047	0.016135	2
0.999710	0.000006	0.000134	0.000149	1
0.006582	0.011356	0.971982	0.010080	3
0.120472	0.117819	0.284241	0.477468	4
0.000588	0.000020	0.999363	0.000029	3
0.999549	0.000006	0.000377	0.000068	1
0.998292	0.000088	0.000764	0.000856	1
0.798926	0.001160	0.193006	0.006908	1
0.000361	0.029546	0.013414	0.956679	4
0.999905	0.000008	0.000048	0.000039	1
0.965674	0.001848	0.030584	0.001894	1
0.000210	0.173366	0.000029	0.826395	4
0.011090	0.423720	0.048372	0.516818	4
0.017712	0.209808	0.003126	0.769354	4
0.000787	0.562724	0.000637	0.435852	2
0.993137	0.000279	0.006365	0.000219	1
0.966051	0.001305	0.029714	0.002930	1
0.894009	0.023022	0.000680	0.082290	1
0.000164	0.000035	0.999768	0.000033	3
0.000259	0.763779	0.164343	0.071619	2
0.000414	0.310689	0.058541	0.630356	4
0.999505	0.000005	0.000466	0.000025	1
0.984945	0.000072	0.014804	0.000179	1
0.990864	0.000491	0.005904	0.002741	1
0.000186	0.995887	0.000046	0.003881	2
0.001837	0.009717	0.975779	0.012666	3
0.980187	0.000318	0.018959	0.000536	1
0.999744	0.000011	0.000162	0.000084	1
0.035262	0.094288	0.065116	0.805334	4
0.988407	0.000025	0.011006	0.000561	1
0.998178	0.000020	0.001729	0.000073	1
0.000953	0.004296	0.992911	0.001840	3
0.000343	0.940460	0.010971	0.048226	2
0.000001	0.000007	0.999982	0.000010	3
0.970246	0.001037	0.026515	0.002203	1
0.591371	0.298976	0.065077	0.044576	1
0.814192	0.041668	0.000836	0.143304	1
0.003383	0.126939	0.000560	0.869118	4
0.001803	0.974713	0.016079	0.007406	2
0.986791	0.006396	0.000452	0.006362	1
0.000624	0.005978	0.000374	0.993025	4
0.000047	0.000756	0.998158	0.001040	3
0.347295	0.000233	0.644126	0.008346	3
0.895406	0.012499	0.036845	0.055250	1
0.000030	0.000004	0.999908	0.000057	3
0.001353	0.001812	0.982407	0.014428	3
0.001042	0.678318	0.241880	0.078760	2
0.000076	0.848023	0.002968	0.148934	2
0.917174	0.001886	0.046400	0.034541	1
0.977145	0.000029	0.022718	0.000109	1
0.000038	0.002497	0.993644	0.003821	3
0.000101	0.549965	0.005103	0.444831	2
0.000014	0.000267	0.999267	0.000453	3
0.000251	0.187062	0.010741	0.801946	4
0.000027	0.946660	0.000284	0.053028	2
0.000027	0.540462	0.000647	0.458864	2
0.000849	0.762815	0.131453	0.104882	2
0.992664	0.000442	0.004842	0.002052	1
0.000481	0.000522	0.998529	0.000467	3
0.000303	0.968825	0.000483	0.030390	2
0.994125	0.000261	0.003760	0.001854	1
0.002180	0.897675	0.005700	0.094445	2
0.010870	0.954859	0.003837	0.030434	2
0.981183	0.000425	0.017746	0.000645	1
0.001033	0.000152	0.998734	0.000081	3
0.000685	0.965139	0.000304	0.033872	2
0.092409	0.001643	0.890459	0.015489	3
0.015466	0.000025	0.983879	0.000631	3
0.000013	0.986476	0.000038	0.013473	2
0.002454	0.984131	0.000123	0.013292	2
0.000014	0.003074	0.000190	0.996722	4
0.000289	0.311762	0.000743	0.687206	4
0.992968	0.000081	0.003862	0.003089	1
0.001085	0.966909	0.001490	0.030516	2
0.000152	0.992140	0.000045	0.007664	2
0.067629	0.000211	0.929929	0.002231	3
0.000416	0.000021	0.999258	0.000305	3
0.000010	0.994649	0.000244	0.005096	2
0.000041	0.934060	0.000102	0.065797	2
0.000016	0.000054	0.999854	0.000076	3
0.014062	0.049381	0.911497	0.025060	3
0.000012	0.000119	0.999782	0.000087	3
0.000046	0.988350	0.003140	0.008464	2
0.004028	0.202601	0.001127	0.792243	4
0.430372	0.283685	0.133646	0.152298	1
0.999452	0.000006	0.000517	0.000025	1
0.999755	0.000000	0.000176	0.000069	1
0.000134	0.000162	0.999240	0.000464	3
0.001591	0.068677	0.005352	0.924379	4
0.729800	0.216028	0.000543	0.053629	1
0.000282	0.994126	0.000045	0.005547	2
0.000077	0.000006	0.999903	0.000014	3
0.000550	0.000098	0.999246	0.000106	3
0.121057	0.061277	0.628212	0.189453	3
0.000429	0.084861	0.000239	0.914472	4
0.233463	0.000010	0.766459	0.000067	3
0.999006	0.000009	0.000492	0.000493	1
0.003433	0.000064	0.996449	0.000053	3
0.000004	0.000281	0.999428	0.000286	3
0.828013	0.115384	0.017444	0.039159	1
0.004014	0.000053	0.995221	0.000712	3
0.000105	0.993158	0.000957	0.005780	2
0.998675	0.000004	0.001275	0.000045	1
0.023049	0.000003	0.976912	0.000036	3
0.941672	0.000037	0.057847	0.000444	1
0.999396	0.000012	0.000527	0.000065	1
0.931775	0.009937	0.011999	0.046288	1
0.996786	0.000581	0.000845	0.001789	1
0.998826	0.000042	0.000434	0.000698	1
0.002952	0.606997	0.225135	0.164916	2
0.992108	0.000038	0.007145	0.000710	1
0.996302	0.000020	0.003468	0.000210	1
0.990014	0.000007	0.009652	0.000327	1
0.000001	0.000001	0.999996	0.000002	3
0.000007	0.996784	0.000002	0.003207	2
0.781237	0.000018	0.218559	0.000186	1
0.000655	0.982580	0.000079	0.016686	2
0.003955	0.433108	0.558078	0.004858	3
0.280316	0.312554	0.012980	0.394151	4
0.969698	0.000588	0.027760	0.001954	1
0.000668	0.948575	0.000085	0.050672	2
0.000107	0.818625	0.000608	0.180660	2
0.000003	0.000035	0.999955	0.000007	3
0.283226	0.000100	0.707356	0.009318	3
0.000830	0.582918	0.002621	0.413631	2
0.998581	0.000061	0.001268	0.000090	1
0.000001	0.000013	0.999971	0.000015	3
0.000033	0.788682	0.190116	0.021169	2
0.993791	0.000036	0.005649	0.000524	1
0.000020	0.987353	0.000070	0.012556	2
0.144139	0.787453	0.027185	0.041222	2
0.083606	0.002099	0.889590	0.024705	3
0.515162	0.001071	0.481740	0.002028	1
0.996323	0.000044	0.001020	0.002614	1
0.004596	0.970203	0.001925	0.023276	2
0.986731	0.001143	0.008899	0.003226	1
0.998948	0.000073	0.000201	0.000778	1
0.002319	0.653388	0.035721	0.308572	2
0.000361	0.986102	0.003155	0.010381	2
0.000081	0.943779	0.000033	0.056107	2
0.991871	0.001154	0.004341	0.002634	1
0.306754	0.001478	0.684604	0.007164	3
0.991960	0.000278	0.004158	0.003604	1
0.000030	0.000012	0.999955	0.000004	3
0.999004	0.000091	0.000758	0.000146	1
0.000086	0.957756	0.008569	0.033589	2
0.997487	0.000007	0.002328	0.000179	1
0.000218	0.000005	0.999748	0.000028	3
0.831213	0.000132	0.167476	0.001180	1
0.990636	0.000014	0.008226	0.001124	1
0.001292	0.650939	0.000430	0.347338	2
0.000476	0.983143	0.000049	0.016332	2
0.000428	0.975032	0.001344	0.023197	2
0.119484	0.548766	0.052526	0.279223	2
0.994962	0.000495	0.002385	0.002158	1
0.000185	0.000338	0.999103	0.000375	3
0.011580	0.773032	0.012616	0.202772	2
0.945657	0.000525	0.048824	0.004995	1
0.000392	0.145340	0.692401	0.161866	3
0.000047	0.000006	0.999920	0.000026	3
0.000014	0.979215	0.000039	0.020732	2
0.144490	0.000199	0.845520	0.009791	3
0.978108	0.000048	0.020932	0.000912	1
0.008859	0.000299	0.989346	0.001497	3
0.000224	0.703083	0.002484	0.294209	2
0.992073	0.000010	0.007898	0.000019	1
0.021459	0.000787	0.975263	0.002490	3
0.000989	0.747992	0.001000	0.250019	2
0.011540	0.927787	0.004951	0.055722	2
0.000327	0.003087	0.995566	0.001020	3
0.865160	0.004246	0.129123	0.001471	1
0.003307	0.840697	0.000943	0.155053	2
0.000639	0.000425	0.997828	0.001109	3
0.124171	0.162593	0.000730	0.712506	4
0.017842	0.972033	0.000048	0.010077	2
0.046671	0.057789	0.024794	0.870746	4
0.173034	0.000043	0.826388	0.000534	3
0.006710	0.000515	0.991496	0.001279	3
0.000017	0.000305	0.999586	0.000093	3
0.000461	0.985614	0.000015	0.013909	2
0.026082	0.000748	0.967120	0.006050	3
0.001368	0.075962	0.004060	0.918611	4
0.001126	0.976870	0.000641	0.021363	2
0.921540	0.003657	0.065825	0.008979	1
0.001323	0.000118	0.993389	0.005170	3
0.000912	0.987238	0.000320	0.011530	2
0.047375	0.026145	0.244595	0.681884	4
0.999690	0.000006	0.000279	0.000024	1
0.000207	0.166971	0.000456	0.832366	4
0.588963	0.134742	0.026941	0.249354	1
0.001662	0.220400	0.323072	0.454866	4
0.000267	0.000043	0.999222	0.000468	3
0.000010	0.995572	0.000046	0.004371	2
0.992978	0.000543	0.003004	0.003476	1
0.999091	0.000008	0.000883	0.000018	1
0.000017	0.948348	0.000823	0.050813	2
0.000536	0.000801	0.995119	0.003544	3
0.000032	0.000289	0.998485	0.001194	3
0.989531	0.000046	0.009479	0.000944	1
0.013154	0.490656	0.017948	0.478241	2
0.997471	0.000008	0.001851	0.000671	1
0.002789	0.912359	0.003692	0.081159	2
0.000005	0.000219	0.999508	0.000268	3
0.000036	0.000109	0.999791	0.000064	3
0.999633	0.000001	0.000356	0.000010	1
0.990698	0.000069	0.008128	0.001105	1
0.002913	0.000565	0.995702	0.000820	3
0.006480	0.014597	0.899381	0.079542	3
0.008912	0.194611	0.710926	0.085552	3
0.000115	0.000302	0.998907	0.000676	3
0.000520	0.917901	0.065059	0.016520	2
0.000018	0.004020	0.995302	0.000660	3
0.998943	0.000028	0.000826	0.000203	1
0.002615	0.108810	0.000292	0.888283	4
0.986371	0.000000	0.013597	0.000032	1
0.021421	0.004379	0.963170	0.011030	3
0.924311	0.000015	0.072826	0.002847	1
0.004447	0.780262	0.028990	0.186302	2
0.000299	0.966345	0.000202	0.033154	2
0.990306	0.000102	0.007515	0.002077	1
0.000104	0.000102	0.997320	0.002474	3
0.000016	0.999029	0.000280	0.000675	2
0.015910	0.116472	0.007588	0.860030	4
0.006155	0.002099	0.982610	0.009136	3
0.778854	0.000328	0.220697	0.000122	1
0.998337	0.000105	0.000751	0.000807	1
0.999316	0.000009	0.000653	0.000022	1
0.476973	0.000193	0.516404	0.006430	3
0.990952	0.000139	0.007958	0.000952	1
0.010997	0.903174	0.003731	0.082097	2
0.000005	0.000004	0.999979	0.000012	3
0.985573	0.000022	0.013685	0.000720	1
0.000002	0.000221	0.999736	0.000042	3
0.000065	0.001784	0.000006	0.998145	4
0.000486	0.009365	0.988259	0.001890	3
0.998789	0.000023	0.000882	0.000306	1
0.597812	0.019830	0.200765	0.181593	1
0.001947	0.947463	0.000256	0.050333	2
0.000642	0.799961	0.004276	0.195121	2
0.999882	0.000005	0.000049	0.000063	1
0.001670	0.218140	0.000795	0.779396	4
0.000006	0.987582	0.000200	0.012212	2
0.000226	0.957673	0.000548	0.041553	2
0.014577	0.013874	0.958054	0.013495	3
0.155337	0.000188	0.842470	0.002005	3
0.000414	0.000101	0.991744	0.007741	3
0.000830	0.222631	0.000538	0.776000	4
0.000002	0.000008	0.999982	0.000007	3
0.000099	0.121631	0.000025	0.878244	4
0.000116	0.000129	0.999579	0.000176	3
0.001308	0.000091	0.998422	0.000178	3
0.999164	0.000016	0.000765	0.000055	1
0.003499	0.674670	0.028351	0.293480	2
0.995380	0.001157	0.000136	0.003326	1
0.994867	0.001078	0.000445	0.003611	1
0.000223	0.006030	0.992798	0.000949	3
0.000677	0.001325	0.996346	0.001652	3
0.998013	0.000108	0.000576	0.001304	1
0.000161	0.984434	0.012236	0.003169	2
0.999779	0.000048	0.000074	0.000099	1
0.025988	0.258348	0.011970	0.703693	4
0.000803	0.979631	0.000046	0.019519	2
0.573050	0.002084	0.423448	0.001418	1
0.001019	0.000174	0.998761	0.000047	3
0.991293	0.000213	0.008268	0.000225	1
0.986110	0.005112	0.000772	0.008006	1
0.000261	0.656572	0.330799	0.012368	2
0.002404	0.136439	0.027731	0.833425	4
0.019449	0.000137	0.979847	0.000567	3
0.000649	0.973180	0.000136	0.026035	2
0.001576	0.908520	0.075616	0.014288	2
0.113464	0.739396	0.058421	0.088719	2
0.910574	0.014260	0.000350	0.074815	1
0.000823	0.488691	0.131949	0.378537	2
0.978223	0.000050	0.021572	0.000156	1
0.994351	0.000192	0.003090	0.002367	1
0.001170	0.001382	0.994122	0.003326	3
0.000465	0.993000	0.003245	0.003289	2
0.942724	0.000844	0.055426	0.001005	1
0.548253	0.000371	0.449541	0.001836	1
0.000009	0.000005	0.999974	0.000012	3
0.999808	0.000000	0.000188	0.000005	1
0.018736	0.042320	0.709625	0.229318	3
0.414270	0.000055	0.585414	0.000261	3
0.000017	0.002331	0.000747	0.996905	4
0.002825	0.046545	0.000304	0.950325	4
0.001364	0.014301	0.000072	0.984263	4
0.010611	0.921529	0.038938	0.028921	2
0.997786	0.000048	0.001708	0.000458	1
0.936078	0.000229	0.060084	0.003609	1
0.999721	0.000004	0.000059	0.000216	1
0.971706	0.004931	0.017247	0.006117	1
0.997832	0.000014	0.002013	0.000141	1
0.999816	0.000021	0.000095	0.000068	1
0.997460	0.000003	0.002524	0.000014	1
0.000538	0.166229	0.000395	0.832838	4
0.001109	0.125565	0.003304	0.870022	4
0.000035	0.921549	0.000012	0.078404	2
0.000433	0.000565	0.997952	0.001049	3
0.005758	0.949020	0.002311	0.042911	2
0.000380	0.001709	0.992208	0.005703	3
0.041331	0.245924	0.546395	0.166351	3
0.003760	0.000447	0.993476	0.002318	3
0.000232	0.033722	0.000737	0.965309	4
0.000013	0.980090	0.000012	0.019885	2
0.000091	0.984267	0.000414	0.015229	2
0.997286	0.000003	0.002505	0.000206	1
0.000085	0.000067	0.999818	0.000030	3
0.023770	0.289437	0.002568	0.684225	4
0.007776	0.000060	0.991604	0.000561	3
0.049821	0.021794	0.011526	0.916859	4
0.998396	0.000012	0.001321	0.000270	1
0.102593	0.000570	0.894671	0.002165	3
0.999663	0.000012	0.000294	0.000031	1
0.000010	0.998454	0.000051	0.001485	2
0.238229	0.000090	0.759072	0.002609	3
0.000028	0.000061	0.998783	0.001129	3
0.985511	0.000370	0.007896	0.006223	1
0.989641	0.000562	0.001633	0.008163	1
0.990854	0.000114	0.007280	0.001751	1
0.997907	0.000010	0.001682	0.000400	1
0.000001	0.000190	0.999722	0.000088	3
0.954635	0.000258	0.041776	0.003330	1
0.004198	0.021541	0.010980	0.963282	4
0.992494	0.001071	0.003044	0.003390	1
0.001193	0.979124	0.000160	0.019522	2
0.910413	0.000873	0.086621	0.002093	1
0.000003	0.000126	0.999853	0.000018	3
0.001037	0.093752	0.009360	0.895850	4
0.000034	0.720728	0.000225	0.279014	2
0.000279	0.050368	0.000036	0.949316	4
0.001119	0.882467	0.000243	0.116171	2
0.319166	0.001252	0.672414	0.007168	3
0.999308	0.000033	0.000585	0.000074	1
0.000001	0.000471	0.999495	0.000033	3
0.000059	0.001899	0.997601	0.000441	3
0.000098	0.002540	0.995508	0.001854	3
0.000050	0.973368	0.000912	0.025670	2
0.993897	0.000023	0.005930	0.000150	1
0.000092	0.000001	0.999827	0.000080	3
0.001674	0.616111	0.005969	0.376247	2
0.487401	0.002113	0.455937	0.054549	1
0.000002	0.992329	0.000002	0.007667	2
0.005574	0.000015	0.994176	0.000235	3
0.824004	0.000168	0.171899	0.003929	1
0.943828	0.000057	0.055613	0.000501	1
0.100184	0.319311	0.021064	0.559441	4
0.999875	0.000001	0.000101	0.000024	1
0.002271	0.000051	0.997478	0.000200	3
0.000404	0.007756	0.987898	0.003943	3
0.001287	0.021602	0.076390	0.900721	4
0.012905	0.001081	0.977866	0.008147	3
0.000022	0.000018	0.999892	0.000068	3
0.000021	0.000152	0.999755	0.000072	3
0.989777	0.000339	0.008168	0.001716	1
0.000043	0.982529	0.000042	0.017386	2
0.000458	0.794133	0.000395	0.205013	2
0.000091	0.032211	0.000693	0.967005	4
0.998033	0.000196	0.001437	0.000334	1
0.997035	0.000102	0.002597	0.000266	1
0.181046	0.555750	0.034412	0.228792	2
0.973667	0.000063	0.025242	0.001027	1
0.006072	0.088011	0.043561	0.862356	4
0.001880	0.113937	0.879427	0.004756	3
0.975234	0.001401	0.007635	0.015730	1
0.018737	0.825802	0.001972	0.153489	2
0.006763	0.006588	0.981682	0.004967	3
0.998186	0.000642	0.000315	0.000857	1
0.997666	0.000176	0.001283	0.000875	1
0.015880	0.015553	0.604581	0.363986	3
0.000033	0.070638	0.000579	0.928750	4
0.139344	0.054810	0.035160	0.770686	4
0.998908	0.000085	0.000919	0.000088	1
0.000086	0.119668	0.876710	0.003537	3
0.008907	0.974592	0.010672	0.005830	2
0.000371	0.276635	0.003345	0.719649	4
0.001050	0.198168	0.008768	0.792014	4
0.000570	0.865394	0.000547	0.133489	2
0.986963	0.007104	0.000261	0.005671	1
0.995501	0.000306	0.000293	0.003900	1
0.000007	0.000110	0.999739	0.000144	3
0.000114	0.000372	0.999050	0.000464	3
0.007562	0.006489	0.933349	0.052599	3
0.000239	0.516635	0.002660	0.480465	2
0.000003	0.000042	0.999908	0.000046	3
0.999454	0.000009	0.000464	0.000073	1
0.015040	0.024774	0.903116	0.057070	3
0.000208	0.552578	0.000018	0.447196	2
0.001270	0.966527	0.001467	0.030737	2
0.082303	0.005589	0.905512	0.006596	3
0.001054	0.222678	0.002272	0.773996	4
0.000512	0.992075	0.000035	0.007378	2
0.999401	0.000003	0.000558	0.000038	1
0.000035	0.000010	0.999947	0.000008	3
0.643934	0.000038	0.355689	0.000340	1
0.000994	0.000155	0.998514	0.000337	3
0.000001	0.000025	0.999962	0.000012	3
0.973274	0.000320	0.023033	0.003373	1
0.000780	0.975093	0.000480	0.023647	2
0.203595	0.000454	0.789879	0.006072	3
0.000968	0.000423	0.993335	0.005274	3
0.936259	0.000453	0.062124	0.001165	1
0.000121	0.942699	0.000169	0.057011	2
0.987285	0.000009	0.012678	0.000027	1
0.993377	0.000051	0.006258	0.000314	1
0.997519	0.000033	0.002314	0.000134	1
0.999417	0.000010	0.000541	0.000032	1
0.000018	0.958776	0.000155	0.041050	2
0.032147	0.241804	0.006677	0.719372	4
0.046920	0.000264	0.952149	0.000667	3
0.000048	0.976995	0.001969	0.020987	2
0.996271	0.000001	0.003467	0.000261	1
0.000459	0.282775	0.005994	0.710772	4
0.000024	0.001161	0.998768	0.000046	3
0.027291	0.037642	0.001853	0.933214	4
0.089729	0.002933	0.863660	0.043678	3
0.993106	0.000414	0.005993	0.000488	1
0.606164	0.169289	0.000521	0.224026	1
0.669222	0.004870	0.210583	0.115325	1
0.000141	0.973593	0.000618	0.025648	2
0.000016	0.923460	0.000013	0.076512	2
0.005435	0.000002	0.994518	0.000045	3
0.998867	0.000103	0.000475	0.000555	1
0.000018	0.001300	0.996949	0.001733	3
0.000143	0.000127	0.999634	0.000097	3
0.000096	0.000109	0.997539	0.002255	3
0.001764	0.023911	0.931359	0.042966	3
0.002349	0.070741	0.054952	0.871957	4
0.000292	0.002043	0.996567	0.001098	3
0.685649	0.084223	0.214544	0.015585	1
0.000078	0.646487	0.000513	0.352922	2
0.003465	0.117677	0.455934	0.422924	3
0.000610	0.102155	0.000436	0.896798	4
0.010609	0.001051	0.971993	0.016347	3
0.658069	0.029216	0.242656	0.070059	1
0.000004	0.000043	0.999903	0.000050	3
0.000002	0.000003	0.999991	0.000004	3
0.000238	0.885436	0.021503	0.092822	2
0.702712	0.254534	0.000825	0.041929	1
0.000018	0.000807	0.998962	0.000214	3
0.000004	0.000022	0.999963	0.000011	3
0.143164	0.000258	0.850952	0.005625	3
0.994498	0.000471	0.004456	0.000574	1
0.000195	0.072931	0.040003	0.886871	4
0.999767	0.000000	0.000218	0.000014	1
0.019223	0.030157	0.903210	0.047410	3
0.000624	0.933423	0.002205	0.063749	2
0.999165	0.000005	0.000792	0.000038	1
0.001448	0.961299	0.000467	0.036786	2
0.000414	0.988534	0.001073	0.009978	2
0.000095	0.000033	0.999740	0.000132	3
0.984870	0.000063	0.014603	0.000464	1
0.030923	0.077726	0.089912	0.801439	4
