0.000479	0.892951	0.005980	0.100591	2
0.000000	0.000015	0.999977	0.000008	3
0.000017	0.000007	0.999888	0.000088	3
0.998352	0.000000	0.001642	0.000006	1
0.159322	0.000078	0.839998	0.000602	3
0.000296	0.693991	0.209662	0.096051	2
0.000009	0.000069	0.999865	0.000056	3
0.002148	0.066824	0.003487	0.927541	4
0.000013	0.000012	0.999957	0.000018	3
0.003694	0.942350	0.001224	0.052732	2
0.997855	0.000008	0.002105	0.000033	1
0.074975	0.828295	0.006248	0.090481	2
0.999951	0.000016	0.000014	0.000020	1
0.999854	0.000009	0.000084	0.000053	1
0.186211	0.519870	0.248459	0.045461	2
0.000001	0.000005	0.999991	0.000003	3
0.006011	0.016932	0.151835	0.825223	4
0.005510	0.052716	0.013009	0.928765	4
0.000006	0.000004	0.999976	0.000014	3
0.998272	0.000003	0.001688	0.000037	1
0.998521	0.000543	0.000426	0.000510	1
0.998801	0.000039	0.001140	0.000021	1
0.000048	0.999267	0.000102	0.000584	2
0.000010	0.000110	0.999852	0.000027	3
0.999735	0.000001	0.000252	0.000012	1
0.000001	0.000033	0.999931	0.000035	3
0.000032	0.997882	0.000232	0.001854	2
0.998831	0.000253	0.000812	0.000104	1
0.000835	0.000149	0.998510	0.000506	3
0.000013	0.998781	0.000064	0.001142	2
0.000196	0.000032	0.999750	0.000021	3
0.000001	0.000082	0.999885	0.000032	3
0.039727	0.214373	0.127278	0.618622	4
0.999905	0.000002	0.000087	0.000006	1
0.000271	0.527518	0.021457	0.450753	2
0.000060	0.000165	0.999592	0.000183	3
0.998774	0.000087	0.000311	0.000828	1
0.000056	0.994545	0.000183	0.005216	2
0.999737	0.000006	0.000222	0.000035	1
0.124151	0.049000	0.699055	0.127794	3
0.998158	0.000205	0.001056	0.000581	1
0.997753	0.000399	0.000401	0.001447	1
0.998326	0.000021	0.001220	0.000433	1
0.000024	0.998522	0.000018	0.001436	2
0.000012	0.999382	0.000041	0.000566	2
0.000104	0.000000	0.999895	0.000001	3
0.000008	0.000219	0.999481	0.000292	3
0.995850	0.000009	0.004037	0.000104	1
0.000017	0.002152	0.997420	0.000411	3
0.997418	0.000081	0.000605	0.001896	1
0.999212	0.000001	0.000784	0.000004	1
0.006526	0.107792	0.004178	0.881504	4
0.994437	0.000041	0.003919	0.001603	1
0.000056	0.997548	0.000027	0.002368	2
0.000858	0.000772	0.995295	0.003076	3
0.000394	0.948318	0.003775	0.047514	2
0.001469	0.048430	0.804518	0.145582	3
0.003170	0.993970	0.000102	0.002758	2
0.000000	0.000002	0.999997	0.000001	3
0.004032	0.140144	0.006715	0.849109	4
0.127416	0.003539	0.845762	0.023283	3
0.001680	0.000020	0.998279	0.000021	3
0.007110	0.909443	0.000036	0.083411	2
0.903915	0.003696	0.022382	0.070008	1
0.999590	0.000002	0.000384	0.000024	1
0.994644	0.000177	0.004851	0.000329	1
0.183011	0.127874	0.002081	0.687035	4
0.000086	0.002155	0.997588	0.000172	3
0.997939	0.000098	0.001581	0.000382	1
0.998974	0.000035	0.000569	0.000422	1
0.000232	0.000177	0.999458	0.000134	3
0.320593	0.013183	0.648634	0.017590	3
0.580964	0.002048	0.407896	0.009092	1
0.000381	0.995298	0.000016	0.004306	2
0.999941	0.000001	0.000056	0.000002	1
0.000049	0.000078	0.999811	0.000062	3
0.000457	0.510679	0.059257	0.429607	2
0.999943	0.000000	0.000055	0.000002	1
0.025046	0.927002	0.022997	0.024955	2
0.002393	0.940575	0.002319	0.054713	2
0.000086	0.000052	0.999777	0.000085	3
0.999902	0.000006	0.000075	0.000018	1
0.999726	0.000008	0.000242	0.000024	1
0.676863	0.000208	0.070515	0.252414	1
0.999998	0.000000	0.000001	0.000001	1
0.011677	0.111270	0.002163	0.874890	4
0.000009	0.999167	0.000004	0.000820	2
0.000019	0.000370	0.999492	0.000119	3
0.000490	0.002669	0.995307	0.001535	3
0.999449	0.000000	0.000493	0.000057	1
0.996604	0.001140	0.000361	0.001894	1
0.998074	0.000033	0.001744	0.000150	1
0.000786	0.994823	0.000130	0.004261	2
0.322005	0.017327	0.015236	0.645432	4
0.000004	0.000000	0.999992	0.000004	3
0.000921	0.000056	0.998624	0.000399	3
0.000003	0.998475	0.000014	0.001508	2
0.000001	0.000006	0.999949	0.000044	3
0.000030	0.997416	0.000790	0.001764	2
0.998181	0.000001	0.001812	0.000006	1
0.000000	0.000015	0.999980	0.000004	3
0.000012	0.994849	0.003678	0.001461	2
0.997549	0.000043	0.001107	0.001301	1
0.001491	0.001246	0.996915	0.000348	3
0.000251	0.374672	0.001470	0.623607	4
0.000071	0.997254	0.000044	0.002631	2
0.000006	0.997842	0.000011	0.002141	2
0.000007	0.000042	0.999948	0.000003	3
0.000026	0.000072	0.999830	0.000072	3
0.999186	0.000000	0.000807	0.000007	1
0.000123	0.000238	0.999391	0.000247	3
0.000075	0.000002	0.999919	0.000004	3
0.758690	0.000202	0.240686	0.000422	1
0.997774	0.000081	0.001558	0.000587	1
0.000976	0.768471	0.000617	0.229936	2
0.000030	0.999335	0.000004	0.000632	2
0.000000	0.000000	0.999998	0.000002	3
0.737583	0.002631	0.241172	0.018614	1
0.001210	0.924361	0.000698	0.073731	2
0.897108	0.023828	0.077147	0.001917	1
0.012762	0.464643	0.001275	0.521321	4
0.000010	0.000089	0.999875	0.000027	3
0.000008	0.000012	0.999940	0.000040	3
0.997408	0.000279	0.002217	0.000096	1
0.000001	0.000252	0.999593	0.000153	3
0.007400	0.970303	0.001754	0.020543	2
0.999847	0.000000	0.000152	0.000001	1
0.999653	0.000004	0.000219	0.000124	1
0.999927	0.000001	0.000049	0.000023	1
0.012065	0.782791	0.009379	0.195765	2
0.000035	0.999581	0.000007	0.000377	2
0.000005	0.000035	0.999747	0.000213	3
0.000474	0.000013	0.999493	0.000020	3
0.025034	0.735260	0.003124	0.236582	2
0.000001	0.000040	0.999939	0.000020	3
0.000014	0.000320	0.998291	0.001375	3
0.057481	0.000106	0.940540	0.001873	3
0.000019	0.999402	0.000092	0.000487	2
0.000601	0.998221	0.000471	0.000708	2
0.148760	0.724906	0.101696	0.024638	2
0.004092	0.221898	0.038371	0.735640	4
0.000021	0.000217	0.998943	0.000820	3
0.000042	0.997729	0.000311	0.001918	2
0.001163	0.543350	0.003013	0.452474	2
0.000073	0.997797	0.001239	0.000890	2
0.000022	0.000005	0.999972	0.000002	3
0.000966	0.709879	0.009245	0.279910	2
0.000044	0.997653	0.000185	0.002118	2
0.000001	0.000351	0.999628	0.000021	3
0.000006	0.000063	0.999916	0.000014	3
0.999875	0.000001	0.000117	0.000007	1
0.369054	0.510794	0.025357	0.094794	2
0.000086	0.961193	0.000166	0.038554	2
0.070085	0.878354	0.035470	0.016091	2
0.997182	0.000026	0.002731	0.000061	1
0.000048	0.997885	0.000037	0.002030	2
0.677952	0.000076	0.321302	0.000670	1
0.000008	0.000034	0.999946	0.000012	3
0.000213	0.997780	0.000059	0.001948	2
0.000157	0.936045	0.000192	0.063606	2
0.037513	0.000002	0.962472	0.000013	3
0.000003	0.000000	0.999995	0.000002	3
0.008599	0.351834	0.003201	0.636366	4
0.998810	0.000001	0.001179	0.000011	1
0.000001	0.000029	0.999962	0.000007	3
0.000053	0.001843	0.000066	0.998038	4
0.000277	0.776582	0.001488	0.221653	2
0.944111	0.001352	0.048645	0.005892	1
0.999907	0.000009	0.000049	0.000035	1
0.999872	0.000027	0.000082	0.000019	1
0.000002	0.999815	0.000006	0.000178	2
0.999933	0.000001	0.000061	0.000005	1
0.001595	0.000054	0.998215	0.000135	3
0.000818	0.401317	0.033144	0.564722	4
0.024928	0.027835	0.010804	0.936433	4
0.000001	0.000015	0.999979	0.000006	3
0.000019	0.000471	0.998755	0.000755	3
0.000732	0.650968	0.020180	0.328120	2
0.000019	0.000035	0.999930	0.000017	3
0.911948	0.004657	0.032833	0.050563	1
0.999731	0.000001	0.000265	0.000003	1
0.995619	0.000367	0.003198	0.000816	1
0.999063	0.000000	0.000932	0.000004	1
0.001693	0.896792	0.007208	0.094307	2
0.000154	0.000095	0.998999	0.000752	3
0.003624	0.287637	0.034524	0.674215	4
0.999679	0.000003	0.000311	0.000007	1
0.999006	0.000575	0.000298	0.000122	1
0.001370	0.782956	0.009662	0.206013	2
0.000177	0.994812	0.000017	0.004993	2
0.999817	0.000000	0.000171	0.000011	1
0.000823	0.000229	0.998662	0.000287	3
0.000449	0.001106	0.998006	0.000440	3
0.998656	0.000625	0.000254	0.000465	1
0.242017	0.258294	0.008499	0.491190	4
0.000023	0.000074	0.999730	0.000173	3
0.999887	0.000008	0.000054	0.000051	1
0.000005	0.000050	0.999742	0.000203	3
0.000075	0.000956	0.997708	0.001261	3
0.999462	0.000064	0.000141	0.000334	1
0.000095	0.875310	0.001634	0.122961	2
0.031775	0.048164	0.000789	0.919273	4
0.000094	0.000010	0.999864	0.000032	3
0.999824	0.000001	0.000173	0.000002	1
0.999523	0.000002	0.000156	0.000319	1
0.000103	0.997577	0.000576	0.001743	2
0.000399	0.998600	0.000115	0.000887	2
0.000495	0.000001	0.999501	0.000003	3
0.999458	0.000008	0.000446	0.000088	1
0.995182	0.000022	0.004565	0.000231	1
0.000011	0.000105	0.999765	0.000119	3
0.000707	0.052018	0.016313	0.930962	4
0.000006	0.000027	0.999943	0.000025	3
0.037653	0.000020	0.961548	0.000779	3
0.994657	0.000225	0.003969	0.001149	1
0.998513	0.000092	0.001182	0.000213	1
0.000031	0.000052	0.999690	0.000227	3
0.999741	0.000013	0.000240	0.000007	1
0.000066	0.000069	0.999815	0.000050	3
0.000567	0.931024	0.002675	0.065735	2
0.000162	0.920399	0.000859	0.078581	2
0.015497	0.282226	0.183960	0.518318	4
0.000040	0.000047	0.999877	0.000036	3
0.008574	0.070546	0.856600	0.064280	3
0.999487	0.000000	0.000511	0.000002	1
0.871731	0.003227	0.110695	0.014347	1
0.000755	0.781211	0.006825	0.211209	2
0.003824	0.257297	0.006387	0.732492	4
0.999984	0.000000	0.000008	0.000008	1
0.419481	0.205759	0.000588	0.374171	1
0.004215	0.058413	0.009388	0.927983	4
0.001380	0.929895	0.001221	0.067503	2
0.998952	0.000169	0.000142	0.000737	1
0.000044	0.997849	0.000448	0.001659	2
0.000760	0.000349	0.998858	0.000032	3
0.000000	0.000009	0.999990	0.000001	3
0.000491	0.001101	0.997260	0.001148	3
0.999905	0.000002	0.000074	0.000020	1
0.000079	0.000202	0.999482	0.000237	3
0.002713	0.002927	0.000055	0.994305	4
0.042495	0.149229	0.028825	0.779452	4
0.000112	0.000308	0.999160	0.000420	3
0.000034	0.000003	0.999875	0.000087	3
0.702286	0.064297	0.072622	0.160795	1
0.000028	0.998991	0.000016	0.000964	2
0.000814	0.000806	0.000246	0.998134	4
0.003537	0.429139	0.000085	0.567239	4
0.002076	0.052062	0.222620	0.723242	4
0.000000	0.000002	0.999995	0.000003	3
0.000000	0.000049	0.999754	0.000197	3
0.131168	0.006790	0.048230	0.813813	4
0.450374	0.010918	0.379226	0.159481	1
0.000255	0.001096	0.998075	0.000574	3
0.000224	0.000196	0.999079	0.000501	3
0.007215	0.227162	0.051927	0.713696	4
0.916907	0.005942	0.059774	0.017377	1
0.000140	0.000341	0.999063	0.000455	3
0.000035	0.000018	0.999929	0.000018	3
0.497709	0.113130	0.356020	0.033141	1
0.999963	0.000000	0.000035	0.000001	1
0.029795	0.140824	0.000695	0.828686	4
0.999699	0.000096	0.000148	0.000057	1
0.000411	0.998998	0.000103	0.000488	2
0.995227	0.000550	0.000244	0.003979	1
0.998465	0.000032	0.001153	0.000350	1
0.000001	0.000004	0.999993	0.000003	3
0.005831	0.318964	0.022926	0.652279	4
0.999548	0.000003	0.000424	0.000025	1
0.234901	0.598916	0.141231	0.024952	2
0.999080	0.000006	0.000844	0.000069	1
0.999274	0.000050	0.000543	0.000134	1
0.001121	0.917953	0.005551	0.075376	2
0.615239	0.070594	0.020752	0.293414	1
0.998806	0.000001	0.001190	0.000003	1
0.000005	0.000018	0.999958	0.000019	3
0.997976	0.000130	0.001768	0.000125	1
0.023754	0.305908	0.006370	0.663968	4
0.999088	0.000064	0.000731	0.000117	1
0.000032	0.941632	0.000213	0.058124	2
0.001328	0.957337	0.000575	0.040759	2
0.998148	0.000015	0.001800	0.000036	1
0.000001	0.000003	0.999995	0.000001	3
0.001179	0.000462	0.998139	0.000220	3
0.000001	0.000002	0.999996	0.000001	3
0.992612	0.001205	0.000500	0.005682	1
0.999915	0.000016	0.000042	0.000028	1
0.000002	0.000138	0.999782	0.000078	3
0.058641	0.000402	0.939011	0.001946	3
0.997878	0.000129	0.001634	0.000359	1
0.451484	0.458898	0.005016	0.084602	2
0.995217	0.002389	0.001085	0.001309	1
0.695628	0.001033	0.298338	0.005002	1
0.000049	0.997677	0.000017	0.002258	2
0.039893	0.009312	0.916597	0.034199	3
0.996580	0.000636	0.001313	0.001471	1
0.000649	0.051287	0.002601	0.945464	4
0.998851	0.000225	0.000636	0.000288	1
0.997594	0.000407	0.001311	0.000688	1
0.034468	0.010044	0.948012	0.007476	3
0.012999	0.160726	0.017507	0.808768	4
0.000060	0.998152	0.000029	0.001759	2
0.999470	0.000024	0.000426	0.000080	1
0.000102	0.851860	0.000028	0.148009	2
0.999958	0.000000	0.000036	0.000005	1
0.999865	0.000004	0.000115	0.000015	1
0.095804	0.736432	0.019465	0.148299	2
0.000409	0.000440	0.998661	0.000490	3
0.004798	0.127484	0.000831	0.866887	4
0.999547	0.000120	0.000283	0.000051	1
0.000069	0.998592	0.000459	0.000880	2
0.999707	0.000070	0.000040	0.000182	1
0.000005	0.000328	0.999655	0.000011	3
0.000278	0.000301	0.998424	0.000997	3
0.545646	0.000137	0.453282	0.000935	1
0.000263	0.995733	0.000539	0.003465	2
0.000072	0.000057	0.999777	0.000094	3
0.004178	0.007383	0.069266	0.919173	4
0.000284	0.000052	0.999482	0.000182	3
0.000040	0.999255	0.000200	0.000505	2
0.347247	0.029017	0.586105	0.037631	3
0.004823	0.000440	0.994215	0.000522	3
0.999187	0.000006	0.000779	0.000028	1
0.999302	0.000063	0.000511	0.000124	1
0.999957	0.000004	0.000020	0.000018	1
0.001130	0.230184	0.000702	0.767984	4
0.000008	0.000024	0.999895	0.000074	3
0.998990	0.000165	0.000390	0.000456	1
0.000119	0.001084	0.998268	0.000530	3
0.997951	0.000166	0.000601	0.001282	1
0.000007	0.000217	0.999706	0.000069	3
0.000002	0.000402	0.999474	0.000123	3
0.015426	0.844334	0.001770	0.138469	2
0.328640	0.015470	0.648672	0.007218	3
0.999865	0.000018	0.000044	0.000072	1
0.000056	0.997345	0.000167	0.002432	2
0.999148	0.000030	0.000198	0.000624	1
0.000181	0.876998	0.000156	0.122665	2
0.999635	0.000003	0.000344	0.000018	1
0.000057	0.997367	0.000089	0.002487	2
0.024458	0.333932	0.006245	0.635365	4
0.000000	0.000156	0.999838	0.000006	3
0.000155	0.997228	0.000152	0.002464	2
0.000218	0.000076	0.998830	0.000875	3
0.000078	0.000141	0.999711	0.000070	3
0.009996	0.904888	0.034236	0.050880	2
0.919010	0.047098	0.032410	0.001482	1
0.998950	0.000118	0.000308	0.000624	1
0.000160	0.998035	0.000220	0.001586	2
0.000014	0.000004	0.999942	0.000040	3
0.000033	0.000112	0.999171	0.000684	3
0.000078	0.999757	0.000010	0.000155	2
0.997371	0.000510	0.001062	0.001057	1
0.998916	0.000022	0.000973	0.000089	1
0.000020	0.000172	0.999756	0.000052	3
0.998587	0.000199	0.000271	0.000943	1
0.000027	0.000002	0.999960	0.000011	3
0.000176	0.096205	0.000040	0.903579	4
0.999948	0.000046	0.000002	0.000003	1
0.999136	0.000234	0.000132	0.000498	1
0.001792	0.000011	0.998146	0.000051	3
0.003949	0.316018	0.072499	0.607533	4
0.999647	0.000000	0.000352	0.000001	1
0.999099	0.000042	0.000547	0.000312	1
0.998943	0.000022	0.000980	0.000055	1
0.000015	0.000002	0.999981	0.000002	3
0.000105	0.000987	0.997988	0.000920	3
0.999926	0.000001	0.000066	0.000007	1
0.853267	0.003638	0.130033	0.013062	1
0.000328	0.457146	0.000289	0.542238	4
0.000163	0.998222	0.000286	0.001329	2
0.000005	0.000070	0.999913	0.000013	3
0.999254	0.000081	0.000331	0.000335	1
0.017510	0.799234	0.000282	0.182974	2
0.001273	0.001834	0.000028	0.996865	4
0.998985	0.000474	0.000055	0.000486	1
0.000579	0.921118	0.000751	0.077552	2
0.000921	0.577708	0.125722	0.295650	2
0.999016	0.000030	0.000756	0.000198	1
0.997938	0.001505	0.000133	0.000424	1
0.998505	0.000086	0.001255	0.000154	1
0.999667	0.000016	0.000150	0.000167	1
0.999977	0.000001	0.000018	0.000004	1
0.000000	0.000001	0.999992	0.000007	3
0.999236	0.000007	0.000411	0.000345	1
0.000069	0.000008	0.999810	0.000113	3
0.000203	0.001971	0.000466	0.997360	4
0.008013	0.048046	0.917678	0.026264	3
0.000002	0.000019	0.999959	0.000020	3
0.999994	0.000000	0.000004	0.000002	1
0.999858	0.000000	0.000132	0.000010	1
0.086524	0.684604	0.008511	0.220360	2
0.014831	0.322276	0.000308	0.662584	4
0.000626	0.186764	0.000410	0.812201	4
0.000011	0.000004	0.999930	0.000056	3
0.999419	0.000008	0.000117	0.000455	1
0.008665	0.710387	0.008143	0.272805	2
0.000001	0.000140	0.999853	0.000006	3
0.000169	0.997786	0.000023	0.002022	2
0.999926	0.000001	0.000063	0.000011	1
0.001429	0.507011	0.000914	0.490646	2
0.001126	0.000146	0.998325	0.000404	3
0.000222	0.000015	0.999729	0.000035	3
0.999555	0.000014	0.000295	0.000136	1
0.999312	0.000024	0.000405	0.000258	1
0.186860	0.127685	0.016554	0.668901	4
0.405387	0.000085	0.594246	0.000281	3
0.000300	0.793698	0.002355	0.203647	2
0.697558	0.000123	0.302162	0.000157	1
0.997838	0.000198	0.000283	0.001681	1
0.999990	0.000000	0.000005	0.000005	1
0.001756	0.666850	0.000644	0.330751	2
0.001714	0.036935	0.000517	0.960833	4
0.000051	0.895701	0.000211	0.104037	2
0.037063	0.560837	0.095780	0.306320	2
0.001312	0.000100	0.998068	0.000521	3
0.117223	0.219815	0.002492	0.660469	4
0.998724	0.000808	0.000058	0.000410	1
0.167907	0.416632	0.290370	0.125091	2
0.997655	0.000186	0.001526	0.000632	1
0.000198	0.556454	0.000240	0.443108	2
0.000024	0.998957	0.000072	0.000947	2
0.000020	0.998796	0.000011	0.001173	2
0.046315	0.056353	0.040988	0.856343	4
0.997495	0.000022	0.002379	0.000104	1
0.000269	0.000020	0.999657	0.000054	3
0.999148	0.000042	0.000535	0.000275	1
0.000141	0.997594	0.000039	0.002226	2
0.000027	0.000042	0.999800	0.000131	3
0.000208	0.000125	0.999578	0.000089	3
0.999200	0.000002	0.000770	0.000028	1
0.000009	0.000001	0.999990	0.000001	3
0.000022	0.000174	0.999688	0.000116	3
0.000007	0.000014	0.999955	0.000025	3
0.999888	0.000024	0.000052	0.000036	1
0.008075	0.008969	0.044068	0.938889	4
0.000005	0.000005	0.999961	0.000029	3
0.999787	0.000000	0.000211	0.000002	1
0.999861	0.000076	0.000036	0.000027	1
0.837005	0.000167	0.162073	0.000755	1
0.999993	0.000000	0.000007	0.000000	1
0.998029	0.000828	0.000240	0.000904	1
0.997926	0.000172	0.000795	0.001106	1
0.000126	0.000450	0.999341	0.000083	3
0.001345	0.000052	0.997592	0.001011	3
0.998418	0.000018	0.001472	0.000092	1
0.819629	0.061834	0.014229	0.104308	1
0.935347	0.000206	0.063517	0.000931	1
0.998794	0.000095	0.000986	0.000125	1
0.000002	0.000009	0.999938	0.000051	3
0.999823	0.000072	0.000041	0.000063	1
0.999959	0.000001	0.000036	0.000004	1
0.042765	0.660828	0.137108	0.159298	2
0.998558	0.000007	0.001254	0.000180	1
0.000002	0.000071	0.999890	0.000037	3
0.026880	0.905824	0.002727	0.064570	2
0.017124	0.764074	0.001958	0.216844	2
0.009232	0.231008	0.004678	0.755081	4
0.228908	0.568439	0.002792	0.199861	2
0.021516	0.903616	0.004614	0.070254	2
0.000823	0.318184	0.661325	0.019668	3
0.041998	0.060321	0.870797	0.026884	3
0.377658	0.062848	0.048282	0.511212	4
0.042680	0.739524	0.000554	0.217243	2
0.826990	0.000129	0.167464	0.005417	1
0.999583	0.000027	0.000052	0.000338	1
0.000246	0.245562	0.004930	0.749262	4
0.999672	0.000000	0.000303	0.000024	1
0.001072	0.583062	0.309272	0.106594	2
0.012397	0.069928	0.823065	0.094610	3
0.000011	0.998326	0.000009	0.001655	2
0.999902	0.000004	0.000022	0.000072	1
0.998026	0.000369	0.000933	0.000672	1
0.999474	0.000001	0.000519	0.000007	1
0.075433	0.892397	0.007873	0.024297	2
0.009376	0.008354	0.022484	0.959786	4
0.929714	0.035458	0.000992	0.033836	1
0.000015	0.000048	0.999885	0.000052	3
0.001394	0.000006	0.998552	0.000048	3
0.000077	0.000028	0.999731	0.000165	3
0.000268	0.997407	0.000618	0.001706	2
0.000106	0.000734	0.999005	0.000156	3
0.998755	0.000017	0.000963	0.000265	1
0.005494	0.043045	0.023290	0.928171	4
0.999982	0.000000	0.000016	0.000002	1
0.000040	0.997329	0.000740	0.001892	2
0.005528	0.198040	0.004491	0.791941	4
0.000068	0.000003	0.999925	0.000004	3
0.003071	0.001144	0.994826	0.000959	3
0.998677	0.000059	0.001184	0.000080	1
0.998549	0.000002	0.001435	0.000014	1
0.999845	0.000000	0.000152	0.000003	1
0.999768	0.000001	0.000222	0.000009	1
0.003789	0.798483	0.008210	0.189517	2
0.999342	0.000000	0.000652	0.000006	1
0.000003	0.000037	0.999927	0.000034	3
0.000133	0.737575	0.001275	0.261017	2
0.999524	0.000007	0.000410	0.000059	1
0.999566	0.000111	0.000037	0.000285	1
0.029323	0.936290	0.005448	0.028939	2
0.000524	0.000228	0.997575	0.001673	3
0.838222	0.044636	0.028629	0.088514	1
0.000599	0.000086	0.999119	0.000196	3
0.890333	0.001117	0.000935	0.107615	1
0.233623	0.001465	0.759269	0.005644	3
0.999994	0.000000	0.000005	0.000001	1
0.999785	0.000000	0.000212	0.000002	1
0.000185	0.000180	0.998898	0.000737	3
0.999750	0.000011	0.000110	0.000128	1
0.000033	0.000002	0.999951	0.000015	3
0.028967	0.896604	0.001952	0.072476	2
0.999933	0.000000	0.000059	0.000007	1
0.999390	0.000001	0.000587	0.000023	1
0.999327	0.000048	0.000597	0.000027	1
0.999041	0.000049	0.000607	0.000303	1
0.007755	0.217270	0.021676	0.753300	4
0.000476	0.997143	0.000038	0.002342	2
0.668901	0.000172	0.320294	0.010634	1
0.999685	0.000005	0.000129	0.000181	1
0.999830	0.000059	0.000034	0.000078	1
0.282452	0.019560	0.656721	0.041268	3
0.000002	0.000001	0.999988	0.000009	3
0.999405	0.000010	0.000379	0.000207	1
0.000233	0.000169	0.999414	0.000183	3
0.932701	0.008908	0.030776	0.027615	1
0.000465	0.000063	0.999323	0.000149	3
0.999790	0.000000	0.000206	0.000004	1
0.000149	0.575898	0.421747	0.002206	2
0.000536	0.000182	0.998960	0.000323	3
0.202577	0.000008	0.797309	0.000106	3
0.016004	0.698710	0.045142	0.240145	2
0.999990	0.000000	0.000009	0.000001	1
0.998168	0.000006	0.001555	0.000271	1
0.001630	0.994075	0.000566	0.003729	2
0.000046	0.998998	0.000002	0.000954	2
0.085744	0.598832	0.016577	0.298847	2
0.999902	0.000001	0.000056	0.000042	1
0.000658	0.000099	0.998576	0.000667	3
0.000260	0.769473	0.007286	0.222981	2
0.129116	0.198527	0.371570	0.300787	3
0.000954	0.995223	0.000264	0.003560	2
0.288789	0.304028	0.261509	0.145675	2
0.000007	0.000096	0.999861	0.000037	3
0.998262	0.000295	0.000112	0.001331	1
0.999285	0.000000	0.000713	0.000002	1
0.997760	0.001205	0.000226	0.000808	1
0.113545	0.766289	0.022280	0.097886	2
0.998571	0.000001	0.001423	0.000006	1
0.999034	0.000172	0.000380	0.000413	1
0.999495	0.000005	0.000493	0.000006	1
0.000133	0.963306	0.000625	0.035936	2
0.999593	0.000177	0.000057	0.000173	1
0.998860	0.000156	0.000624	0.000360	1
0.000266	0.941054	0.001649	0.057031	2
0.997398	0.000002	0.002593	0.000008	1
0.000003	0.000000	0.999994	0.000002	3
0.000007	0.000083	0.999845	0.000065	3
0.000575	0.000029	0.999318	0.000078	3
0.017543	0.096080	0.871128	0.015249	3
0.000057	0.000021	0.999810	0.000112	3
0.999897	0.000009	0.000010	0.000084	1
0.999997	0.000000	0.000002	0.000001	1
0.000845	0.997002	0.000891	0.001262	2
0.008292	0.922955	0.003564	0.065189	2
0.433294	0.017165	0.530169	0.019373	3
0.000004	0.998607	0.000018	0.001371	2
0.997741	0.000055	0.002115	0.000089	1
0.063160	0.769772	0.002924	0.164143	2
0.998481	0.000028	0.001463	0.000027	1
0.000377	0.000087	0.999435	0.000101	3
0.998031	0.000142	0.000823	0.001004	1
0.221066	0.026665	0.724090	0.028180	3
0.999612	0.000090	0.000053	0.000245	1
0.000599	0.000945	0.997750	0.000706	3
0.335705	0.000005	0.663811	0.000479	3
0.998942	0.000054	0.000600	0.000404	1
0.000076	0.789854	0.036210	0.173860	2
0.999419	0.000341	0.000142	0.000098	1
0.000274	0.998942	0.000049	0.000736	2
0.273860	0.001172	0.721682	0.003286	3
0.002380	0.908956	0.000183	0.088480	2
0.000080	0.000003	0.999889	0.000027	3
0.999990	0.000000	0.000009	0.000001	1
0.000223	0.672883	0.103575	0.223320	2
0.001764	0.115313	0.003640	0.879283	4
0.000845	0.000339	0.998469	0.000346	3
0.999961	0.000000	0.000028	0.000010	1
0.001112	0.000160	0.998584	0.000145	3
0.997277	0.000169	0.001619	0.000935	1
0.000458	0.075006	0.000212	0.924324	4
0.235774	0.000795	0.760892	0.002538	3
0.000570	0.998790	0.000020	0.000620	2
0.201942	0.784460	0.000689	0.012909	2
0.045426	0.558673	0.004986	0.390915	2
0.999546	0.000114	0.000274	0.000067	1
0.998188	0.000018	0.001767	0.000027	1
0.000012	0.000051	0.999913	0.000024	3
0.000001	0.000002	0.999995	0.000003	3
0.992967	0.002472	0.002177	0.002383	1
0.000103	0.000044	0.999756	0.000096	3
0.000008	0.999009	0.000010	0.000973	2
0.999857	0.000003	0.000088	0.000052	1
0.000375	0.001534	0.997374	0.000717	3
0.086087	0.050329	0.398345	0.465238	4
0.000063	0.000003	0.999929	0.000005	3
0.999779	0.000002	0.000210	0.000009	1
0.999807	0.000014	0.000128	0.000051	1
0.882376	0.000576	0.111850	0.005198	1
0.000298	0.097111	0.022057	0.880534	4
0.999958	0.000007	0.000026	0.000009	1
0.995427	0.000460	0.003762	0.000351	1
0.000340	0.129082	0.000028	0.870550	4
0.013376	0.289582	0.095768	0.601274	4
0.052422	0.244767	0.006772	0.696039	4
0.000337	0.602415	0.000540	0.396708	2
0.998831	0.000089	0.001046	0.000033	1
0.925905	0.001470	0.068591	0.004034	1
0.995007	0.002378	0.000078	0.002538	1
0.000078	0.000019	0.999877	0.000025	3
0.000219	0.913776	0.072068	0.013937	2
0.000200	0.460347	0.020290	0.519163	4
0.999945	0.000004	0.000046	0.000006	1
0.999598	0.000004	0.000382	0.000016	1
0.998402	0.000115	0.000965	0.000517	1
0.000123	0.999113	0.000041	0.000723	2
0.000139	0.000346	0.998817	0.000698	3
0.998844	0.000086	0.000900	0.000170	1
0.999945	0.000003	0.000026	0.000025	1
0.011385	0.063512	0.035250	0.889852	4
0.998558	0.000007	0.001385	0.000049	1
0.999741	0.000011	0.000213	0.000034	1
0.000267	0.000715	0.998683	0.000335	3
0.000159	0.958610	0.004815	0.036416	2
0.000001	0.000008	0.999983	0.000008	3
0.997806	0.000329	0.001589	0.000276	1
0.862971	0.108286	0.017998	0.010745	1
0.940442	0.015737	0.000672	0.043150	1
0.009054	0.154547	0.000915	0.835484	4
0.000352	0.998164	0.001004	0.000480	2
0.998453	0.000619	0.000077	0.000850	1
0.000301	0.001163	0.000130	0.998406	4
0.000012	0.000133	0.999642	0.000213	3
0.621563	0.000071	0.374479	0.003887	1
0.780046	0.016301	0.043991	0.159663	1
0.000006	0.000001	0.999987	0.000006	3
0.000274	0.000193	0.998649	0.000884	3
0.001399	0.340941	0.588052	0.069607	3
0.000156	0.862673	0.007582	0.129589	2
0.997558	0.000059	0.001325	0.001059	1
0.998651	0.000007	0.001329	0.000012	1
0.000015	0.000536	0.998697	0.000751	3
0.000158	0.767453	0.007883	0.224506	2
0.000008	0.000064	0.999746	0.000182	3
0.000221	0.078492	0.014662	0.906625	4
0.000013	0.997538	0.000062	0.002388	2
0.000083	0.583464	0.001065	0.415388	2
0.002226	0.797968	0.109621	0.090184	2
0.998811	0.000098	0.000590	0.000502	1
0.000146	0.000119	0.999592	0.000143	3
0.000105	0.997578	0.000033	0.002284	2
0.999004	0.000040	0.000691	0.000266	1
0.003923	0.951212	0.002776	0.042090	2
0.001199	0.997394	0.000294	0.001113	2
0.998304	0.000051	0.001525	0.000120	1
0.000190	0.000021	0.999773	0.000015	3
0.000108	0.998289	0.000047	0.001556	2
0.053398	0.000867	0.935137	0.010597	3
0.002240	0.000003	0.997710	0.000047	3
0.000009	0.998449	0.000017	0.001525	2
0.000529	0.998809	0.000030	0.000632	2
0.000007	0.000537	0.000079	0.999376	4
0.000071	0.122070	0.000740	0.877119	4
0.998619	0.000028	0.000764	0.000589	1
0.001468	0.952856	0.001488	0.044189	2
0.000034	0.998719	0.000011	0.001235	2
0.002234	0.000021	0.997600	0.000146	3
0.000209	0.000008	0.999729	0.000054	3
0.000009	0.998918	0.000287	0.000786	2
0.000011	0.997269	0.000011	0.002709	2
0.000004	0.000009	0.999966	0.000021	3
0.010983	0.030690	0.948092	0.010235	3
0.000003	0.000037	0.999900	0.000060	3
0.000012	0.998250	0.000895	0.000843	2
0.002683	0.225793	0.001488	0.770035	4
0.693188	0.124142	0.091520	0.091150	1
0.999745	0.000007	0.000238	0.000011	1
0.999922	0.000000	0.000061	0.000018	1
0.000036	0.000033	0.999817	0.000115	3
0.003372	0.046383	0.008450	0.941794	4
0.548990	0.411680	0.000370	0.038960	1
0.000106	0.999164	0.000023	0.000707	2
0.000030	0.000003	0.999961	0.000006	3
0.000030	0.000033	0.999912	0.000025	3
0.243997	0.048225	0.583192	0.124586	3
0.001386	0.107682	0.000399	0.890533	4
0.244521	0.000010	0.755444	0.000025	3
0.999749	0.000002	0.000156	0.000093	1
0.000255	0.000010	0.999731	0.000004	3
0.000001	0.000012	0.999979	0.000008	3
0.847609	0.097211	0.018462	0.036719	1
0.000518	0.000009	0.999423	0.000050	3
0.000099	0.998459	0.000158	0.001284	2
0.999723	0.000001	0.000259	0.000018	1
0.004953	0.000001	0.995042	0.000005	3
0.997654	0.000005	0.002292	0.000049	1
0.999874	0.000005	0.000110	0.000011	1
0.998316	0.000236	0.000383	0.001066	1
0.999354	0.000205	0.000093	0.000347	1
0.999747	0.000011	0.000095	0.000146	1
0.001614	0.670039	0.204503	0.123844	2
0.999170	0.000013	0.000619	0.000198	1
0.999221	0.000005	0.000695	0.000079	1
0.998655	0.000003	0.001189	0.000153	1
0.000000	0.000000	0.999999	0.000001	3
0.000004	0.999509	0.000002	0.000486	2
0.912762	0.000004	0.087189	0.000044	1
0.000176	0.998212	0.000031	0.001581	2
0.003949	0.586413	0.399839	0.009798	2
0.119562	0.476125	0.005272	0.399040	2
0.997988	0.000147	0.001540	0.000325	1
0.000082	0.998133	0.000031	0.001754	2
0.000068	0.919895	0.000547	0.079490	2
0.000001	0.000010	0.999987	0.000002	3
0.297327	0.000064	0.696309	0.006300	3
0.001079	0.746328	0.002503	0.250090	2
0.999605	0.000034	0.000338	0.000023	1
0.000001	0.000007	0.999981	0.000011	3
0.000114	0.825588	0.152797	0.021501	2
0.998975	0.000012	0.000854	0.000159	1
0.000007	0.997963	0.000024	0.002006	2
0.155037	0.784217	0.026765	0.033981	2
0.033011	0.000958	0.957718	0.008313	3
0.535061	0.000650	0.463522	0.000767	1
0.999489	0.000017	0.000070	0.000424	1
0.005650	0.966872	0.003087	0.024391	2
0.997471	0.000740	0.000972	0.000817	1
0.999785	0.000023	0.000080	0.000113	1
0.001838	0.842485	0.024039	0.131637	2
0.000179	0.997804	0.000903	0.001114	2
0.000062	0.997902	0.000011	0.002026	2
0.998225	0.000442	0.000548	0.000784	1
0.270667	0.002676	0.714540	0.012118	3
0.998554	0.000057	0.000535	0.000854	1
0.000010	0.000002	0.999987	0.000001	3
0.999828	0.000020	0.000135	0.000016	1
0.000358	0.944115	0.020075	0.035451	2
0.999184	0.000002	0.000731	0.000082	1
0.000011	0.000001	0.999982	0.000006	3
0.957304	0.000209	0.042159	0.000327	1
0.999203	0.000003	0.000707	0.000087	1
0.005652	0.613786	0.001290	0.379272	2
0.000202	0.997876	0.000048	0.001873	2
0.000102	0.998577	0.000211	0.001110	2
0.148616	0.492854	0.049201	0.309329	2
0.999057	0.000199	0.000371	0.000373	1
0.000027	0.000031	0.999894	0.000048	3
0.007598	0.786905	0.020261	0.185236	2
0.998690	0.000074	0.000883	0.000354	1
0.000543	0.096276	0.728945	0.174237	3
0.000007	0.000002	0.999983	0.000008	3
0.000009	0.998377	0.000016	0.001598	2
0.062290	0.000177	0.926796	0.010737	3
0.997399	0.000017	0.002324	0.000260	1
0.000657	0.000086	0.999064	0.000193	3
0.000640	0.636538	0.003436	0.359387	2
0.999403	0.000002	0.000593	0.000002	1
0.001860	0.000144	0.997720	0.000276	3
0.000587	0.878387	0.000524	0.120501	2
0.020066	0.944486	0.002553	0.032895	2
0.000044	0.000499	0.999221	0.000235	3
0.655090	0.009915	0.332956	0.002039	1
0.007361	0.849019	0.001137	0.142483	2
0.000267	0.000191	0.999054	0.000488	3
0.405405	0.059753	0.001446	0.533397	4
0.001364	0.997798	0.000019	0.000820	2
0.067749	0.111317	0.032402	0.788532	4
0.132812	0.000039	0.866785	0.000364	3
0.000673	0.000154	0.998735	0.000438	3
0.000010	0.000132	0.999811	0.000047	3
0.000616	0.998118	0.000007	0.001259	2
0.001796	0.000075	0.997608	0.000522	3
0.001129	0.038383	0.004273	0.956215	4
0.000245	0.998135	0.000063	0.001558	2
0.997796	0.000242	0.001666	0.000296	1
0.000322	0.000031	0.999056	0.000591	3
0.000120	0.998886	0.000075	0.000918	2
0.024171	0.007982	0.150900	0.816947	4
0.999892	0.000002	0.000093	0.000013	1
0.000157	0.091247	0.000576	0.908020	4
0.551364	0.179100	0.049815	0.219721	1
0.001647	0.092234	0.260836	0.645283	4
0.000138	0.000010	0.999762	0.000091	3
0.000005	0.999222	0.000012	0.000762	2
0.997818	0.000586	0.000681	0.000915	1
0.999915	0.000002	0.000080	0.000003	1
0.000031	0.968460	0.000912	0.030597	2
0.000111	0.000155	0.999431	0.000304	3
0.000006	0.000074	0.999410	0.000511	3
0.998537	0.000028	0.001234	0.000202	1
0.015964	0.567452	0.030280	0.386303	2
0.999490	0.000004	0.000362	0.000144	1
0.002834	0.962700	0.002495	0.031971	2
0.000003	0.000118	0.999790	0.000089	3
0.000011	0.000051	0.999927	0.000011	3
0.999947	0.000000	0.000050	0.000003	1
0.998613	0.000025	0.001150	0.000213	1
0.000818	0.000058	0.999071	0.000053	3
0.004628	0.014624	0.871101	0.109647	3
0.004192	0.067069	0.906437	0.022303	3
0.000046	0.000105	0.999661	0.000188	3
0.000443	0.938811	0.041598	0.019148	2
0.000003	0.000802	0.998909	0.000286	3
0.999448	0.000007	0.000453	0.000092	1
0.022638	0.059877	0.000431	0.917053	4
0.999064	0.000000	0.000933	0.000003	1
0.001468	0.000167	0.997995	0.000370	3
0.945512	0.000014	0.053392	0.001082	1
0.007096	0.664831	0.060394	0.267679	2
0.000128	0.998169	0.000039	0.001664	2
0.997991	0.000047	0.001563	0.000399	1
0.000030	0.000045	0.999372	0.000553	3
0.000006	0.999602	0.000063	0.000329	2
0.055974	0.145177	0.007270	0.791579	4
0.000474	0.000170	0.998536	0.000820	3
0.953097	0.000079	0.046797	0.000027	1
0.999648	0.000046	0.000104	0.000201	1
0.999837	0.000004	0.000151	0.000007	1
0.265472	0.000219	0.726594	0.007715	3
0.998761	0.000032	0.000974	0.000233	1
0.008957	0.901314	0.005044	0.084685	2
0.000001	0.000001	0.999996	0.000003	3
0.998647	0.000002	0.001270	0.000081	1
0.000001	0.000088	0.999900	0.000011	3
0.000015	0.000350	0.000003	0.999632	4
0.000119	0.001596	0.998014	0.000271	3
0.999780	0.000011	0.000108	0.000101	1
0.544785	0.029150	0.237891	0.188174	1
0.000279	0.997833	0.000022	0.001865	2
0.002037	0.794943	0.009123	0.193897	2
0.999954	0.000001	0.000019	0.000026	1
0.001552	0.131916	0.000414	0.866119	4
0.000005	0.998574	0.000153	0.001268	2
0.000053	0.997204	0.000092	0.002652	2
0.000683	0.001218	0.997515	0.000584	3
0.056676	0.000166	0.940809	0.002349	3
0.000098	0.000034	0.998655	0.001213	3
0.004392	0.264813	0.001531	0.729265	4
0.000000	0.000002	0.999995	0.000002	3
0.000179	0.112609	0.000050	0.887162	4
0.000078	0.000080	0.999804	0.000038	3
0.000179	0.000034	0.999688	0.000099	3
0.999816	0.000002	0.000167	0.000015	1
0.010348	0.683129	0.023992	0.282531	2
0.999366	0.000174	0.000024	0.000436	1
0.999589	0.000092	0.000080	0.000239	1
0.000042	0.000902	0.998893	0.000163	3
0.000143	0.000427	0.999074	0.000355	3
0.999076	0.000106	0.000235	0.000583	1
0.000024	0.998373	0.001098	0.000506	2
0.999900	0.000017	0.000051	0.000032	1
0.020908	0.373564	0.010537	0.594991	4
0.000144	0.999151	0.000009	0.000696	2
0.597097	0.002125	0.399640	0.001138	1
0.000177	0.000030	0.999781	0.000012	3
0.998943	0.000102	0.000907	0.000049	1
0.998123	0.000544	0.000201	0.001132	1
0.000606	0.762953	0.226577	0.009864	2
0.001527	0.198232	0.033979	0.766263	4
0.001300	0.000035	0.998583	0.000083	3
0.000324	0.998147	0.000037	0.001491	2
0.000071	0.998086	0.001298	0.000545	2
0.003237	0.991883	0.002778	0.002101	2
0.935230	0.004957	0.000227	0.059586	1
0.003830	0.261727	0.220072	0.514370	4
0.998168	0.000007	0.001804	0.000022	1
0.999144	0.000162	0.000313	0.000381	1
0.000237	0.000158	0.999091	0.000513	3
0.000076	0.999121	0.000390	0.000413	2
0.994606	0.000199	0.004999	0.000195	1
0.765048	0.000706	0.231388	0.002858	1
0.000003	0.000001	0.999994	0.000001	3
0.999990	0.000000	0.000009	0.000001	1
0.027627	0.062969	0.785754	0.123650	3
0.397268	0.000047	0.602551	0.000134	3
0.000015	0.000310	0.000327	0.999347	4
0.002169	0.055822	0.000330	0.941679	4
0.000185	0.001253	0.000016	0.998546	4
0.001234	0.994057	0.002466	0.002243	2
0.999712	0.000008	0.000195	0.000085	1
0.928998	0.000271	0.066456	0.004276	1
0.999910	0.000002	0.000009	0.000080	1
0.998176	0.000299	0.001254	0.000270	1
0.999558	0.000009	0.000380	0.000053	1
0.999934	0.000011	0.000029	0.000026	1
0.999730	0.000000	0.000268	0.000001	1
0.002684	0.289869	0.000530	0.706917	4
0.005738	0.189193	0.002701	0.802368	4
0.000048	0.994834	0.000012	0.005107	2
0.000099	0.000133	0.999620	0.000148	3
0.000881	0.993853	0.001147	0.004119	2
0.000114	0.000257	0.998770	0.000859	3
0.066871	0.434486	0.399235	0.099408	2
0.000476	0.000083	0.999267	0.000174	3
0.000017	0.001753	0.000098	0.998132	4
0.000011	0.997956	0.000005	0.002028	2
0.000026	0.998830	0.000113	0.001031	2
0.999691	0.000001	0.000281	0.000027	1
0.000059	0.000017	0.999919	0.000005	3
0.033420	0.461930	0.005883	0.498767	4
0.000270	0.000005	0.999694	0.000031	3
0.000743	0.001107	0.000419	0.997730	4
0.999714	0.000006	0.000195	0.000085	1
0.066448	0.001034	0.930906	0.001612	3
0.999941	0.000005	0.000046	0.000008	1
0.000006	0.999600	0.000044	0.000350	2
0.356698	0.000067	0.637736	0.005499	3
0.000015	0.000027	0.999570	0.000389	3
0.998380	0.000066	0.000808	0.000747	1
0.998629	0.000072	0.000077	0.001222	1
0.998937	0.000011	0.000846	0.000206	1
0.999416	0.000005	0.000388	0.000191	1
0.000001	0.000051	0.999889	0.000060	3
0.997913	0.000077	0.001557	0.000454	1
0.000447	0.000812	0.000621	0.998119	4
0.998622	0.000172	0.000738	0.000468	1
0.000349	0.995278	0.000066	0.004307	2
0.997560	0.000170	0.001877	0.000392	1
0.000001	0.000034	0.999961	0.000004	3
0.000728	0.129423	0.007769	0.862080	4
0.000018	0.912151	0.000110	0.087720	2
0.000027	0.002136	0.000006	0.997831	4
0.006198	0.864341	0.000421	0.129041	2
0.317269	0.000510	0.679019	0.003202	3
0.999877	0.000020	0.000079	0.000024	1
0.000002	0.000236	0.999745	0.000017	3
0.000008	0.000275	0.999672	0.000045	3
0.000048	0.000580	0.999036	0.000336	3
0.000019	0.998390	0.000122	0.001470	2
0.999167	0.000008	0.000774	0.000050	1
0.000037	0.000000	0.999936	0.000026	3
0.004322	0.706298	0.003071	0.286309	2
0.491413	0.001746	0.461587	0.045254	1
0.000002	0.998791	0.000002	0.001206	2
0.001421	0.000005	0.998517	0.000056	3
0.867831	0.000123	0.128339	0.003707	1
0.959660	0.000042	0.040060	0.000238	1
0.078943	0.333169	0.024644	0.563244	4
0.999961	0.000000	0.000029	0.000010	1
0.000564	0.000010	0.999385	0.000040	3
0.000062	0.000378	0.999369	0.000190	3
0.000097	0.001306	0.002747	0.995850	4
0.000702	0.000250	0.998370	0.000678	3
0.000008	0.000007	0.999979	0.000006	3
0.000011	0.000050	0.999911	0.000028	3
0.997902	0.000073	0.001630	0.000395	1
0.000038	0.998678	0.000011	0.001273	2
0.000381	0.854257	0.000518	0.144845	2
0.000041	0.001876	0.000108	0.997975	4
0.999186	0.000203	0.000456	0.000154	1
0.999419	0.000064	0.000447	0.000070	1
0.262686	0.623760	0.009078	0.104476	2
0.997913	0.000012	0.001945	0.000131	1
0.005017	0.050057	0.032631	0.912295	4
0.000103	0.002776	0.996956	0.000165	3
0.998014	0.000305	0.000456	0.001225	1
0.006954	0.884409	0.001123	0.107514	2
0.000599	0.000334	0.998793	0.000274	3
0.999746	0.000078	0.000123	0.000053	1
0.999326	0.000082	0.000211	0.000382	1
0.014301	0.012745	0.806908	0.166046	3
0.000075	0.079394	0.001064	0.919467	4
0.219144	0.034995	0.031754	0.714107	4
0.999750	0.000015	0.000194	0.000041	1
0.000029	0.036871	0.961855	0.001245	3
0.002242	0.994926	0.001904	0.000928	2
0.001941	0.344425	0.004313	0.649320	4
0.001729	0.459981	0.010739	0.527551	4
0.000723	0.837224	0.000912	0.161141	2
0.997650	0.000714	0.000056	0.001579	1
0.998714	0.000125	0.000163	0.000998	1
0.000001	0.000064	0.999877	0.000058	3
0.000043	0.000053	0.999748	0.000157	3
0.017812	0.019977	0.782837	0.179373	3
0.000471	0.545067	0.012567	0.441895	2
0.000004	0.000032	0.999946	0.000019	3
0.999475	0.000007	0.000481	0.000037	1
0.001683	0.001502	0.994346	0.002469	3
0.001605	0.450149	0.000055	0.548190	4
0.000125	0.998425	0.000200	0.001251	2
0.049819	0.004079	0.943357	0.002744	3
0.001438	0.169280	0.002309	0.826973	4
0.000598	0.998745	0.000017	0.000640	2
0.999907	0.000002	0.000081	0.000010	1
0.000018	0.000003	0.999976	0.000003	3
0.836465	0.000022	0.163314	0.000199	1
0.000327	0.000087	0.999288	0.000298	3
0.000001	0.000005	0.999992	0.000002	3
0.904912	0.000237	0.091602	0.003248	1
0.000085	0.998281	0.000047	0.001587	2
0.190010	0.000339	0.804577	0.005073	3
0.000112	0.000024	0.999665	0.000199	3
0.911972	0.000925	0.085909	0.001195	1
0.000051	0.996167	0.000034	0.003749	2
0.995081	0.000008	0.004897	0.000014	1
0.999170	0.000018	0.000670	0.000143	1
0.999707	0.000013	0.000266	0.000014	1
0.999498	0.000024	0.000442	0.000036	1
0.000004	0.998549	0.000015	0.001432	2
0.019604	0.415600	0.010372	0.554424	4
0.109208	0.000196	0.890201	0.000394	3
0.000032	0.996895	0.000417	0.002657	2
0.999245	0.000001	0.000660	0.000095	1
0.001309	0.321193	0.020722	0.656777	4
0.000013	0.000232	0.999741	0.000014	3
0.017227	0.075033	0.002662	0.905079	4
0.076135	0.009699	0.780071	0.134094	3
0.999165	0.000117	0.000635	0.000083	1
0.841736	0.095991	0.000169	0.062105	1
0.759790	0.004197	0.116000	0.120013	1
0.000049	0.998208	0.000111	0.001632	2
0.000003	0.997227	0.000004	0.002766	2
0.001084	0.000001	0.998897	0.000019	3
0.999636	0.000070	0.000082	0.000212	1
0.000006	0.000442	0.999343	0.000209	3
0.000056	0.000031	0.999886	0.000028	3
0.000036	0.000062	0.999604	0.000299	3
0.000165	0.000705	0.998309	0.000820	3
0.003068	0.136861	0.083502	0.776569	4
0.000161	0.000541	0.998937	0.000361	3
0.461515	0.012910	0.522226	0.003348	3
0.000102	0.582590	0.000893	0.416415	2
0.002090	0.032558	0.828060	0.137292	3
0.000529	0.171796	0.000580	0.827095	4
0.001238	0.000292	0.995332	0.003138	3
0.721785	0.056207	0.157209	0.064800	1
0.000000	0.000009	0.999981	0.000010	3
0.000000	0.000001	0.999998	0.000001	3
0.000426	0.888906	0.034149	0.076519	2
0.884554	0.093980	0.000761	0.020706	1
0.000004	0.000150	0.999814	0.000032	3
0.000001	0.000005	0.999989	0.000005	3
0.153817	0.000485	0.839458	0.006240	3
0.998970	0.000136	0.000813	0.000082	1
0.000294	0.049953	0.047275	0.902478	4
0.999979	0.000000	0.000018	0.000003	1
0.008275	0.028336	0.943430	0.019959	3
0.005143	0.848079	0.011902	0.134876	2
0.999806	0.000002	0.000184	0.000009	1
0.000100	0.998123	0.000088	0.001690	2
0.000051	0.999074	0.000230	0.000645	2
0.000021	0.000011	0.999945	0.000023	3
0.997923	0.000008	0.002011	0.000058	1
0.059558	0.049957	0.280457	0.610028	4
