0.000587	0.815192	0.005651	0.178570	2
0.000000	0.000023	0.999957	0.000019	3
0.000027	0.000016	0.999789	0.000168	3
0.983943	0.000001	0.016035	0.000021	1
0.218864	0.000079	0.780586	0.000471	3
0.000353	0.726034	0.137040	0.136574	2
0.000015	0.000159	0.999696	0.000131	3
0.001918	0.069975	0.004758	0.923350	4
0.000035	0.000037	0.999897	0.000032	3
0.004189	0.912978	0.001673	0.081159	2
0.968907	0.000031	0.030919	0.000143	1
0.085525	0.755255	0.009384	0.149837	2
0.999892	0.000043	0.000029	0.000036	1
0.999474	0.000022	0.000343	0.000161	1
0.141732	0.606899	0.214807	0.036561	2
0.000002	0.000011	0.999982	0.000006	3
0.004013	0.019762	0.199588	0.776636	4
0.006605	0.065694	0.025864	0.901837	4
0.000014	0.000010	0.999945	0.000031	3
0.985569	0.000010	0.014285	0.000136	1
0.992885	0.002680	0.001804	0.002631	1
0.994764	0.000118	0.005046	0.000071	1
0.000129	0.997107	0.000306	0.002458	2
0.000041	0.000322	0.999536	0.000101	3
0.999163	0.000003	0.000790	0.000044	1
0.000003	0.000070	0.999839	0.000087	3
0.000174	0.968249	0.002668	0.028909	2
0.992622	0.001695	0.005155	0.000528	1
0.008068	0.000720	0.988070	0.003141	3
0.000044	0.988645	0.000218	0.011094	2
0.000652	0.000083	0.999214	0.000051	3
0.000001	0.000200	0.999724	0.000074	3
0.029037	0.230493	0.084695	0.655775	4
0.999611	0.000005	0.000360	0.000025	1
0.000371	0.495484	0.013923	0.490222	2
0.000160	0.000663	0.998484	0.000693	3
0.995813	0.000325	0.000874	0.002988	1
0.000145	0.962758	0.000335	0.036762	2
0.999213	0.000015	0.000690	0.000083	1
0.121327	0.086347	0.627222	0.165104	3
0.971021	0.001996	0.019743	0.007240	1
0.981113	0.002592	0.004014	0.012281	1
0.986428	0.000124	0.010912	0.002536	1
0.000079	0.980876	0.000063	0.018981	2
0.000031	0.996801	0.000108	0.003060	2
0.000370	0.000001	0.999625	0.000004	3
0.000017	0.000396	0.998868	0.000719	3
0.951998	0.000040	0.047378	0.000584	1
0.000075	0.020772	0.976055	0.003098	3
0.963218	0.000968	0.008465	0.027349	1
0.995665	0.000001	0.004322	0.000012	1
0.006980	0.103613	0.003132	0.886275	4
0.940708	0.000315	0.042973	0.016004	1
0.000177	0.964048	0.000117	0.035659	2
0.004836	0.004520	0.959917	0.030728	3
0.000423	0.945423	0.003609	0.050545	2
0.001615	0.060268	0.726700	0.211417	3
0.033358	0.940559	0.000554	0.025529	2
0.000001	0.000003	0.999995	0.000002	3
0.003525	0.093690	0.006578	0.896207	4
0.138772	0.005111	0.815969	0.040148	3
0.017463	0.000103	0.982319	0.000115	3
0.006373	0.818373	0.000072	0.175182	2
0.864687	0.005657	0.036927	0.092729	1
0.998755	0.000003	0.001176	0.000066	1
0.939035	0.001191	0.057433	0.002341	1
0.178769	0.148681	0.002370	0.670180	4
0.000630	0.028405	0.969651	0.001314	3
0.978373	0.000608	0.018384	0.002636	1
0.993924	0.000157	0.003817	0.002103	1
0.000893	0.000498	0.998257	0.000353	3
0.286120	0.013915	0.664507	0.035458	3
0.666440	0.002407	0.319643	0.011509	1
0.001630	0.925202	0.000061	0.073107	2
0.999881	0.000001	0.000113	0.000004	1
0.000139	0.000223	0.999436	0.000201	3
0.000436	0.355968	0.070311	0.573285	4
0.999849	0.000000	0.000146	0.000004	1
0.021038	0.922383	0.025080	0.031500	2
0.002337	0.939630	0.002440	0.055593	2
0.000140	0.000182	0.999490	0.000188	3
0.999731	0.000015	0.000199	0.000055	1
0.999259	0.000019	0.000659	0.000063	1
0.603832	0.000256	0.074195	0.321717	1
0.999995	0.000000	0.000002	0.000003	1
0.010183	0.121523	0.002159	0.866135	4
0.000023	0.996097	0.000009	0.003871	2
0.000069	0.001870	0.997417	0.000644	3
0.003473	0.036528	0.947348	0.012651	3
0.997732	0.000001	0.002002	0.000264	1
0.957850	0.013618	0.002412	0.026119	1
0.979756	0.000147	0.019367	0.000730	1
0.005625	0.947601	0.000770	0.046003	2
0.259853	0.020184	0.023217	0.696746	4
0.000005	0.000001	0.999989	0.000005	3
0.006216	0.000267	0.991553	0.001964	3
0.000014	0.982083	0.000063	0.017840	2
0.000001	0.000011	0.999885	0.000103	3
0.000125	0.957265	0.005768	0.036843	2
0.969406	0.000004	0.030567	0.000023	1
0.000001	0.000023	0.999968	0.000008	3
0.000044	0.944072	0.046689	0.009195	2
0.970080	0.000303	0.017443	0.012173	1
0.021412	0.007621	0.968159	0.002808	3
0.000269	0.283329	0.002082	0.714320	4
0.000297	0.949313	0.000324	0.050066	2
0.000031	0.957673	0.000042	0.042254	2
0.000016	0.000102	0.999875	0.000007	3
0.000117	0.000307	0.999296	0.000280	3
0.995306	0.000001	0.004667	0.000025	1
0.000837	0.001615	0.995643	0.001904	3
0.000269	0.000005	0.999713	0.000013	3
0.737818	0.000181	0.261445	0.000557	1
0.975492	0.000514	0.019934	0.004060	1
0.000991	0.793794	0.000926	0.204290	2
0.000086	0.997108	0.000006	0.002800	2
0.000000	0.000001	0.999996	0.000003	3
0.723405	0.003383	0.237714	0.035497	1
0.001415	0.912292	0.000480	0.085814	2
0.911572	0.026883	0.059152	0.002394	1
0.019969	0.348682	0.002307	0.629041	4
0.000018	0.000212	0.999718	0.000052	3
0.000015	0.000017	0.999881	0.000086	3
0.953435	0.002588	0.043185	0.000791	1
0.000003	0.000414	0.999241	0.000342	3
0.009847	0.942527	0.002800	0.044826	2
0.999474	0.000001	0.000522	0.000003	1
0.998082	0.000015	0.001306	0.000597	1
0.999740	0.000002	0.000193	0.000064	1
0.011348	0.679081	0.015347	0.294224	2
0.000099	0.997214	0.000021	0.002666	2
0.000012	0.000097	0.999091	0.000800	3
0.001324	0.000034	0.998598	0.000044	3
0.017588	0.783201	0.003672	0.195539	2
0.000002	0.000086	0.999864	0.000047	3
0.000051	0.001749	0.984679	0.013522	3
0.092360	0.000204	0.903812	0.003624	3
0.000059	0.997214	0.000229	0.002498	2
0.004440	0.986328	0.002251	0.006980	2
0.099611	0.766654	0.115009	0.018726	2
0.004966	0.241900	0.036334	0.716801	4
0.000151	0.001308	0.987751	0.010790	3
0.000147	0.973376	0.001573	0.024904	2
0.001247	0.401526	0.002343	0.594885	4
0.000728	0.966994	0.018694	0.013584	2
0.000033	0.000007	0.999956	0.000003	3
0.001135	0.730506	0.009047	0.259312	2
0.000222	0.974527	0.000732	0.024519	2
0.000002	0.001665	0.998272	0.000061	3
0.000013	0.000133	0.999827	0.000028	3
0.999709	0.000001	0.000273	0.000017	1
0.326058	0.519491	0.031528	0.122924	2
0.000084	0.948542	0.000106	0.051268	2
0.063745	0.867234	0.050393	0.018628	2
0.960263	0.000118	0.039244	0.000375	1
0.000199	0.975977	0.000081	0.023743	2
0.614516	0.000072	0.384798	0.000615	1
0.000010	0.000052	0.999921	0.000018	3
0.001323	0.969390	0.000289	0.028998	2
0.000145	0.911615	0.000307	0.087933	2
0.053510	0.000003	0.946468	0.000019	3
0.000007	0.000000	0.999990	0.000002	3
0.009085	0.329297	0.003872	0.657746	4
0.987146	0.000002	0.012818	0.000034	1
0.000003	0.000053	0.999928	0.000017	3
0.000343	0.024337	0.000311	0.975009	4
0.000222	0.724546	0.001179	0.274053	2
0.930356	0.002897	0.058635	0.008112	1
0.999861	0.000012	0.000066	0.000061	1
0.999586	0.000095	0.000265	0.000054	1
0.000003	0.999243	0.000011	0.000743	2
0.999764	0.000003	0.000219	0.000014	1
0.023201	0.000315	0.975638	0.000847	3
0.000579	0.351140	0.037981	0.610300	4
0.021403	0.029047	0.009342	0.940208	4
0.000001	0.000019	0.999973	0.000007	3
0.000142	0.005007	0.987654	0.007198	3
0.000753	0.644001	0.020725	0.334522	2
0.000030	0.000061	0.999870	0.000038	3
0.915524	0.006991	0.031420	0.046065	1
0.999101	0.000003	0.000888	0.000007	1
0.963727	0.002697	0.026533	0.007043	1
0.996142	0.000001	0.003847	0.000010	1
0.001469	0.901111	0.005741	0.091679	2
0.000683	0.000603	0.993037	0.005676	3
0.003483	0.203677	0.017609	0.775231	4
0.998510	0.000013	0.001452	0.000025	1
0.996131	0.002298	0.001075	0.000495	1
0.002029	0.774624	0.015739	0.207607	2
0.000774	0.946230	0.000069	0.052927	2
0.999537	0.000001	0.000441	0.000022	1
0.005964	0.000895	0.991982	0.001159	3
0.002148	0.005534	0.989801	0.002517	3
0.988606	0.005281	0.002116	0.003998	1
0.135351	0.325974	0.010681	0.527993	4
0.000032	0.000180	0.999301	0.000487	3
0.999448	0.000025	0.000295	0.000232	1
0.000014	0.000132	0.999366	0.000488	3
0.000423	0.010314	0.975512	0.013752	3
0.998862	0.000118	0.000302	0.000718	1
0.000131	0.820603	0.001552	0.177714	2
0.014224	0.033625	0.000861	0.951290	4
0.000380	0.000039	0.999445	0.000136	3
0.999514	0.000001	0.000478	0.000007	1
0.998128	0.000005	0.000742	0.001125	1
0.000653	0.962195	0.006113	0.031039	2
0.003667	0.978131	0.001569	0.016633	2
0.001460	0.000004	0.998526	0.000009	3
0.997763	0.000018	0.002005	0.000213	1
0.934046	0.000088	0.064002	0.001865	1
0.000030	0.000341	0.999276	0.000354	3
0.000599	0.039614	0.006740	0.953048	4
0.000007	0.000040	0.999919	0.000034	3
0.040227	0.000024	0.958806	0.000943	3
0.918194	0.001349	0.070213	0.010244	1
0.986497	0.000683	0.011406	0.001414	1
0.000085	0.000195	0.999143	0.000578	3
0.998957	0.000029	0.000991	0.000023	1
0.000161	0.000164	0.999581	0.000093	3
0.000679	0.913848	0.002897	0.082576	2
0.000212	0.924775	0.000841	0.074172	2
0.014513	0.269456	0.215004	0.501027	4
0.000119	0.000104	0.999689	0.000089	3
0.009598	0.101416	0.821597	0.067389	3
0.998147	0.000000	0.001849	0.000004	1
0.840561	0.003478	0.135043	0.020918	1
0.000841	0.702183	0.005342	0.291634	2
0.002426	0.240656	0.006726	0.750192	4
0.999963	0.000001	0.000022	0.000014	1
0.307140	0.123195	0.000814	0.568852	4
0.002865	0.053537	0.006570	0.937027	4
0.001411	0.891541	0.001201	0.105847	2
0.996146	0.000575	0.000617	0.002663	1
0.000424	0.966262	0.003226	0.030088	2
0.002619	0.000802	0.996496	0.000084	3
0.000000	0.000012	0.999987	0.000001	3
0.004294	0.013128	0.967345	0.015233	3
0.999803	0.000002	0.000145	0.000050	1
0.000244	0.000619	0.998577	0.000560	3
0.013031	0.017685	0.000157	0.969127	4
0.049942	0.186071	0.028285	0.735702	4
0.000368	0.000996	0.996867	0.001769	3
0.000044	0.000005	0.999811	0.000139	3
0.734262	0.047793	0.058395	0.159551	1
0.000109	0.990107	0.000081	0.009703	2
0.006498	0.007747	0.002039	0.983715	4
0.002228	0.345411	0.000064	0.652298	4
0.002051	0.039660	0.177230	0.781059	4
0.000000	0.000002	0.999992	0.000006	3
0.000001	0.000090	0.999415	0.000494	3
0.056849	0.004202	0.022623	0.916325	4
0.437561	0.007741	0.383821	0.170877	1
0.002512	0.012730	0.978434	0.006324	3
0.001053	0.001083	0.994728	0.003137	3
0.006833	0.193778	0.036228	0.763161	4
0.836292	0.014828	0.113124	0.035756	1
0.000613	0.001946	0.995130	0.002312	3
0.000128	0.000055	0.999752	0.000065	3
0.451931	0.138407	0.365026	0.044637	1
0.999927	0.000000	0.000070	0.000002	1
0.027833	0.115353	0.000595	0.856219	4
0.999001	0.000245	0.000611	0.000143	1
0.001928	0.995223	0.000347	0.002501	2
0.939645	0.005580	0.002186	0.052589	1
0.988036	0.000163	0.009628	0.002174	1
0.000001	0.000006	0.999986	0.000007	3
0.004842	0.270534	0.029489	0.695135	4
0.998443	0.000012	0.001463	0.000082	1
0.238015	0.565770	0.158015	0.038201	2
0.993384	0.000023	0.006347	0.000246	1
0.997182	0.000186	0.002211	0.000421	1
0.001843	0.899926	0.005025	0.093205	2
0.482681	0.074516	0.016690	0.426113	1
0.993487	0.000002	0.006494	0.000018	1
0.000006	0.000043	0.999910	0.000041	3
0.981763	0.000585	0.017003	0.000648	1
0.015910	0.198095	0.005077	0.780918	4
0.997842	0.000134	0.001703	0.000321	1
0.000052	0.915499	0.000246	0.084202	2
0.001745	0.904901	0.000687	0.092667	2
0.988361	0.000044	0.011467	0.000128	1
0.000001	0.000003	0.999994	0.000002	3
0.013360	0.003665	0.980812	0.002163	3
0.000001	0.000002	0.999994	0.000003	3
0.918677	0.007705	0.003392	0.070225	1
0.999808	0.000034	0.000091	0.000067	1
0.000005	0.000400	0.999376	0.000219	3
0.073529	0.000449	0.923950	0.002072	3
0.961766	0.000991	0.034728	0.002515	1
0.363466	0.505009	0.005028	0.126497	2
0.944800	0.029302	0.012229	0.013668	1
0.525592	0.001341	0.467797	0.005270	1
0.000144	0.981729	0.000059	0.018067	2
0.070944	0.020274	0.830735	0.078047	3
0.955233	0.006784	0.015971	0.022013	1
0.000673	0.035180	0.001725	0.962422	4
0.995219	0.000760	0.002822	0.001199	1
0.981848	0.001978	0.010505	0.005669	1
0.030510	0.010928	0.951624	0.006938	3
0.016706	0.126008	0.018213	0.839073	4
0.000255	0.986933	0.000110	0.012702	2
0.997535	0.000057	0.002102	0.000306	1
0.000109	0.824843	0.000022	0.175026	2
0.999884	0.000001	0.000100	0.000015	1
0.999602	0.000008	0.000355	0.000036	1
0.115725	0.686248	0.020871	0.177156	2
0.002368	0.002001	0.992802	0.002829	3
0.004178	0.152529	0.000732	0.842560	4
0.997907	0.000398	0.001498	0.000197	1
0.000311	0.987147	0.001907	0.010634	2
0.998948	0.000184	0.000236	0.000633	1
0.000015	0.000942	0.999006	0.000037	3
0.001496	0.001465	0.989069	0.007970	3
0.595815	0.000142	0.403138	0.000904	1
0.001058	0.953778	0.002303	0.042861	2
0.000185	0.000113	0.999497	0.000205	3
0.007273	0.010462	0.060139	0.922126	4
0.000957	0.000120	0.998284	0.000639	3
0.000093	0.996870	0.000603	0.002434	2
0.314016	0.030895	0.595174	0.059915	3
0.055405	0.001823	0.940292	0.002479	3
0.994069	0.000023	0.005777	0.000132	1
0.994694	0.000303	0.004411	0.000593	1
0.999886	0.000012	0.000051	0.000051	1
0.001810	0.190227	0.000464	0.807498	4
0.000025	0.000050	0.999763	0.000162	3
0.992382	0.001464	0.002957	0.003197	1
0.000947	0.013428	0.980266	0.005360	3
0.974554	0.001120	0.005857	0.018469	1
0.000021	0.000594	0.999201	0.000184	3
0.000004	0.001408	0.998287	0.000301	3
0.024946	0.814106	0.002351	0.158597	2
0.302874	0.009028	0.680856	0.007242	3
0.999528	0.000059	0.000167	0.000247	1
0.000172	0.964586	0.000861	0.034381	2
0.995254	0.000108	0.000874	0.003763	1
0.000223	0.865567	0.000195	0.134015	2
0.999241	0.000006	0.000714	0.000038	1
0.000277	0.966765	0.000348	0.032610	2
0.037311	0.266929	0.007644	0.688115	4
0.000001	0.000261	0.999729	0.000010	3
0.001354	0.949157	0.001342	0.048148	2
0.000863	0.000380	0.994528	0.004229	3
0.000343	0.000564	0.998762	0.000330	3
0.010974	0.900081	0.035024	0.053921	2
0.864208	0.079836	0.052954	0.003003	1
0.995128	0.000523	0.001541	0.002808	1
0.001135	0.976879	0.001488	0.020497	2
0.000031	0.000009	0.999858	0.000102	3
0.000054	0.000234	0.998493	0.001219	3
0.000298	0.999030	0.000026	0.000646	2
0.979137	0.003367	0.009431	0.008065	1
0.991668	0.000106	0.007733	0.000493	1
0.000037	0.000290	0.999553	0.000120	3
0.992941	0.000833	0.001554	0.004672	1
0.000089	0.000009	0.999871	0.000030	3
0.000151	0.079861	0.000041	0.919946	4
0.999921	0.000065	0.000006	0.000008	1
0.996427	0.000703	0.000345	0.002526	1
0.022335	0.000037	0.977362	0.000266	3
0.003542	0.281910	0.097623	0.616925	4
0.999175	0.000000	0.000823	0.000002	1
0.995680	0.000149	0.002996	0.001175	1
0.993870	0.000034	0.005971	0.000125	1
0.000026	0.000004	0.999965	0.000004	3
0.000816	0.010506	0.981720	0.006957	3
0.999829	0.000002	0.000157	0.000012	1
0.803118	0.006086	0.167110	0.023686	1
0.000355	0.401589	0.000238	0.597817	4
0.001027	0.973009	0.001591	0.024373	2
0.000009	0.000189	0.999760	0.000042	3
0.997683	0.000251	0.000986	0.001080	1
0.012438	0.770825	0.000366	0.216370	2
0.012749	0.021105	0.000157	0.965988	4
0.995315	0.001842	0.000211	0.002632	1
0.000529	0.925614	0.000680	0.073177	2
0.001075	0.555710	0.127826	0.315389	2
0.995794	0.000063	0.003612	0.000531	1
0.982200	0.014626	0.001002	0.002172	1
0.987682	0.000493	0.010746	0.001080	1
0.998942	0.000057	0.000400	0.000602	1
0.999946	0.000001	0.000045	0.000008	1
0.000001	0.000002	0.999976	0.000021	3
0.997440	0.000022	0.001432	0.001106	1
0.000093	0.000015	0.999676	0.000216	3
0.001906	0.029985	0.003259	0.964850	4
0.007023	0.043046	0.916143	0.033787	3
0.000005	0.000047	0.999902	0.000045	3
0.999984	0.000000	0.000011	0.000004	1
0.999669	0.000001	0.000309	0.000021	1
0.099908	0.616671	0.011674	0.271748	2
0.011721	0.288355	0.000417	0.699507	4
0.001234	0.258648	0.000622	0.739496	4
0.000046	0.000021	0.999736	0.000198	3
0.997258	0.000025	0.000324	0.002393	1
0.008575	0.731982	0.007952	0.251490	2
0.000003	0.000336	0.999647	0.000015	3
0.000430	0.969888	0.000095	0.029587	2
0.999832	0.000001	0.000140	0.000027	1
0.001259	0.734223	0.000917	0.263601	2
0.022429	0.001365	0.972677	0.003528	3
0.000829	0.000029	0.999063	0.000078	3
0.998242	0.000033	0.001233	0.000491	1
0.997687	0.000042	0.001304	0.000967	1
0.131370	0.097120	0.017406	0.754104	4
0.270676	0.000165	0.728800	0.000360	3
0.000291	0.685661	0.002571	0.311477	2
0.665146	0.000082	0.334612	0.000159	1
0.975282	0.002029	0.002034	0.020655	1
0.999984	0.000000	0.000007	0.000008	1
0.001872	0.561726	0.000531	0.435870	2
0.001298	0.053679	0.000418	0.944604	4
0.000074	0.858628	0.000274	0.141025	2
0.055413	0.384749	0.105259	0.454578	4
0.011319	0.000382	0.985099	0.003200	3
0.089709	0.201252	0.003276	0.705763	4
0.989140	0.007619	0.000431	0.002810	1
0.183923	0.315674	0.313380	0.187022	2
0.967200	0.001410	0.023458	0.007932	1
0.000196	0.366725	0.000179	0.632900	4
0.000072	0.990961	0.000228	0.008739	2
0.000061	0.988192	0.000058	0.011689	2
0.041347	0.057053	0.042819	0.858781	4
0.965950	0.000074	0.033541	0.000435	1
0.000435	0.000039	0.999446	0.000080	3
0.996383	0.000132	0.002404	0.001080	1
0.000700	0.952006	0.000178	0.047116	2
0.000086	0.000137	0.999327	0.000449	3
0.000367	0.000300	0.999098	0.000235	3
0.995894	0.000004	0.004002	0.000099	1
0.000015	0.000001	0.999983	0.000001	3
0.000040	0.000309	0.999268	0.000383	3
0.000018	0.000031	0.999902	0.000049	3
0.999616	0.000061	0.000170	0.000154	1
0.008761	0.009826	0.073951	0.907463	4
0.000009	0.000009	0.999904	0.000077	3
0.999549	0.000001	0.000445	0.000005	1
0.999527	0.000247	0.000108	0.000118	1
0.641588	0.000272	0.356736	0.001404	1
0.999986	0.000000	0.000013	0.000001	1
0.977928	0.010715	0.001892	0.009466	1
0.983190	0.001120	0.007133	0.008557	1
0.000314	0.001288	0.998133	0.000265	3
0.030624	0.000570	0.956445	0.012361	3
0.979204	0.000072	0.020357	0.000366	1
0.810940	0.055995	0.021152	0.111913	1
0.877469	0.000205	0.121281	0.001046	1
0.987190	0.000880	0.010892	0.001037	1
0.000006	0.000036	0.999735	0.000223	3
0.999296	0.000270	0.000181	0.000253	1
0.999948	0.000002	0.000043	0.000007	1
0.074084	0.508054	0.194706	0.223156	2
0.977820	0.000043	0.020490	0.001647	1
0.000004	0.000209	0.999671	0.000115	3
0.022881	0.892383	0.002648	0.082088	2
0.015898	0.829087	0.001843	0.153172	2
0.008031	0.251380	0.005267	0.735323	4
0.192663	0.591411	0.002629	0.213297	2
0.012719	0.918220	0.003537	0.065524	2
0.001032	0.327164	0.646807	0.024997	3
0.068599	0.066130	0.811669	0.053603	3
0.327569	0.057858	0.039592	0.574981	4
0.031789	0.712553	0.000662	0.254996	2
0.764113	0.000237	0.227003	0.008647	1
0.998403	0.000085	0.000195	0.001316	1
0.000370	0.205371	0.003637	0.790622	4
0.999021	0.000001	0.000918	0.000060	1
0.001019	0.580230	0.321593	0.097157	2
0.007645	0.064233	0.853422	0.074700	3
0.000027	0.981050	0.000028	0.018896	2
0.999692	0.000007	0.000052	0.000249	1
0.983338	0.001893	0.009343	0.005426	1
0.997749	0.000001	0.002234	0.000016	1
0.048536	0.912405	0.008719	0.030340	2
0.012292	0.011794	0.025911	0.950003	4
0.933495	0.030569	0.001225	0.034711	1
0.000031	0.000110	0.999750	0.000110	3
0.012625	0.000023	0.987120	0.000231	3
0.000332	0.000071	0.999123	0.000474	3
0.002125	0.964372	0.004604	0.028899	2
0.000537	0.004954	0.993464	0.001044	3
0.986859	0.000098	0.011130	0.001912	1
0.006102	0.060734	0.026279	0.906885	4
0.999954	0.000001	0.000042	0.000003	1
0.000308	0.963457	0.006784	0.029451	2
0.005533	0.131093	0.005004	0.858369	4
0.000207	0.000009	0.999774	0.000010	3
0.027997	0.005504	0.962084	0.004415	3
0.992008	0.000281	0.007237	0.000474	1
0.977379	0.000009	0.022524	0.000088	1
0.999534	0.000000	0.000461	0.000005	1
0.999411	0.000003	0.000564	0.000022	1
0.004702	0.627997	0.009806	0.357495	2
0.997269	0.000000	0.002710	0.000021	1
0.000003	0.000053	0.999878	0.000066	3
0.000208	0.626344	0.001504	0.371945	2
0.998113	0.000023	0.001681	0.000183	1
0.998624	0.000284	0.000117	0.000975	1
0.027865	0.938935	0.004932	0.028268	2
0.003080	0.001574	0.968571	0.026775	3
0.799320	0.061309	0.024661	0.114709	1
0.002279	0.000365	0.996434	0.000922	3
0.854075	0.000956	0.001002	0.143967	1
0.314243	0.002207	0.676405	0.007145	3
0.999991	0.000000	0.000008	0.000001	1
0.999334	0.000001	0.000660	0.000005	1
0.000688	0.000800	0.994847	0.003664	3
0.999067	0.000038	0.000422	0.000473	1
0.000111	0.000004	0.999854	0.000031	3
0.030151	0.882880	0.002517	0.084452	2
0.999853	0.000001	0.000132	0.000014	1
0.998610	0.000002	0.001343	0.000046	1
0.995530	0.000205	0.004168	0.000096	1
0.997715	0.000093	0.001374	0.000818	1
0.008406	0.149977	0.019192	0.822425	4
0.001645	0.981468	0.000125	0.016762	2
0.538890	0.000206	0.451769	0.009135	1
0.999108	0.000009	0.000453	0.000431	1
0.999468	0.000175	0.000105	0.000252	1
0.352579	0.016377	0.586150	0.044894	3
0.000003	0.000002	0.999979	0.000016	3
0.997632	0.000038	0.001897	0.000433	1
0.000991	0.000865	0.997219	0.000925	3
0.925184	0.010162	0.034722	0.029932	1
0.000952	0.000093	0.998639	0.000317	3
0.999481	0.000000	0.000511	0.000007	1
0.000146	0.601064	0.395424	0.003366	2
0.005176	0.001248	0.991426	0.002150	3
0.179610	0.000009	0.820266	0.000114	3
0.015211	0.691888	0.042490	0.250412	2
0.999981	0.000000	0.000016	0.000003	1
0.977967	0.000028	0.020684	0.001322	1
0.015366	0.925246	0.003789	0.055600	2
0.000132	0.991821	0.000005	0.008042	2
0.068212	0.520883	0.016981	0.393924	2
0.999826	0.000001	0.000111	0.000063	1
0.004020	0.000440	0.992463	0.003078	3
0.000319	0.673600	0.004982	0.321098	2
0.092964	0.197224	0.392613	0.317199	3
0.005119	0.959520	0.001243	0.034118	2
0.275837	0.292553	0.234089	0.197521	2
0.000015	0.000212	0.999683	0.000090	3
0.987775	0.001277	0.000537	0.010411	1
0.997262	0.000001	0.002733	0.000004	1
0.975118	0.016003	0.002197	0.006682	1
0.077617	0.787052	0.018392	0.116939	2
0.980740	0.000004	0.019228	0.000028	1
0.994848	0.000759	0.002031	0.002363	1
0.997529	0.000009	0.002447	0.000015	1
0.000179	0.950239	0.000662	0.048920	2
0.998650	0.000595	0.000174	0.000581	1
0.996266	0.000410	0.002243	0.001081	1
0.000371	0.926003	0.001209	0.072416	2
0.968941	0.000014	0.031007	0.000038	1
0.000004	0.000000	0.999992	0.000003	3
0.000011	0.000167	0.999690	0.000132	3
0.003359	0.000158	0.996036	0.000448	3
0.013935	0.075455	0.896366	0.014244	3
0.000132	0.000073	0.999457	0.000338	3
0.999811	0.000015	0.000017	0.000158	1
0.999993	0.000000	0.000005	0.000002	1
0.006898	0.972279	0.007823	0.013000	2
0.007593	0.894501	0.003537	0.094369	2
0.325230	0.015146	0.643367	0.016257	3
0.000018	0.980413	0.000086	0.019483	2
0.972368	0.000271	0.026775	0.000586	1
0.037788	0.727189	0.004698	0.230325	2
0.991689	0.000073	0.008165	0.000073	1
0.001046	0.000215	0.998556	0.000183	3
0.985279	0.000904	0.007403	0.006415	1
0.164159	0.029526	0.778756	0.027558	3
0.998377	0.000380	0.000219	0.001024	1
0.008502	0.011550	0.971011	0.008937	3
0.360620	0.000006	0.638853	0.000520	3
0.991990	0.000363	0.004604	0.003044	1
0.000077	0.704926	0.042891	0.252106	2
0.998176	0.001079	0.000426	0.000318	1
0.001153	0.994318	0.000194	0.004335	2
0.396853	0.001064	0.599436	0.002647	3
0.001601	0.934134	0.000122	0.064143	2
0.000138	0.000010	0.999800	0.000053	3
0.999979	0.000000	0.000019	0.000002	1
0.000205	0.682945	0.082999	0.233850	2
0.001238	0.096370	0.003559	0.898833	4
0.004221	0.001415	0.992166	0.002199	3
0.999921	0.000001	0.000056	0.000022	1
0.013873	0.001408	0.983744	0.000975	3
0.958700	0.001115	0.030751	0.009433	1
0.000445	0.066791	0.000208	0.932556	4
0.180404	0.000699	0.816206	0.002691	3
0.002413	0.994662	0.000060	0.002865	2
0.124086	0.852788	0.001359	0.021767	2
0.047758	0.564727	0.005823	0.381692	2
0.998872	0.000191	0.000794	0.000143	1
0.971951	0.000102	0.027791	0.000156	1
0.000039	0.000191	0.999680	0.000091	3
0.000002	0.000003	0.999988	0.000007	3
0.931002	0.020596	0.025694	0.022708	1
0.000247	0.000083	0.999372	0.000298	3
0.000024	0.992146	0.000042	0.007787	2
0.999706	0.000006	0.000163	0.000124	1
0.003403	0.012156	0.978907	0.005534	3
0.067787	0.076454	0.371851	0.483908	4
0.000150	0.000007	0.999833	0.000010	3
0.999438	0.000004	0.000531	0.000027	1
0.999273	0.000042	0.000519	0.000166	1
0.733609	0.000645	0.258673	0.007073	1
0.000387	0.070076	0.020192	0.909344	4
0.999846	0.000019	0.000112	0.000023	1
0.965031	0.002629	0.030200	0.002140	1
0.000352	0.122945	0.000034	0.876669	4
0.011870	0.310078	0.097314	0.580737	4
0.034355	0.240147	0.005010	0.720489	4
0.000380	0.485265	0.000553	0.513803	4
0.995115	0.000207	0.004574	0.000104	1
0.894669	0.002509	0.095959	0.006863	1
0.940533	0.024168	0.000615	0.034684	1
0.000081	0.000029	0.999862	0.000028	3
0.000525	0.765526	0.197076	0.036873	2
0.000339	0.383707	0.019576	0.596378	4
0.999856	0.000008	0.000124	0.000012	1
0.999154	0.000005	0.000820	0.000022	1
0.991105	0.000654	0.005067	0.003174	1
0.000303	0.996515	0.000092	0.003090	2
0.000626	0.001461	0.993592	0.004322	3
0.989571	0.000493	0.009167	0.000768	1
0.999909	0.000007	0.000046	0.000039	1
0.012008	0.078371	0.031675	0.877946	4
0.991035	0.000029	0.008652	0.000283	1
0.999030	0.000023	0.000846	0.000102	1
0.001027	0.004132	0.993342	0.001499	3
0.000283	0.917063	0.009363	0.073291	2
0.000002	0.000019	0.999961	0.000018	3
0.977331	0.001221	0.019365	0.002084	1
0.773452	0.162815	0.037734	0.025999	1
0.896959	0.026520	0.001029	0.075493	1
0.009484	0.158488	0.000811	0.831217	4
0.002968	0.975803	0.013921	0.007308	2
0.992440	0.003652	0.000267	0.003641	1
0.001481	0.009376	0.000655	0.988488	4
0.000050	0.000599	0.998492	0.000859	3
0.512476	0.000122	0.482725	0.004677	1
0.825954	0.013140	0.052084	0.108822	1
0.000009	0.000002	0.999976	0.000013	3
0.002290	0.001591	0.984283	0.011836	3
0.001731	0.425737	0.492340	0.080191	3
0.000248	0.767529	0.008273	0.223950	2
0.972380	0.000490	0.017015	0.010116	1
0.991456	0.000022	0.008483	0.000039	1
0.000042	0.001929	0.993977	0.004052	3
0.000228	0.718986	0.012994	0.267792	2
0.000023	0.000152	0.999388	0.000437	3
0.000396	0.125726	0.015372	0.858505	4
0.000045	0.968306	0.000203	0.031446	2
0.000081	0.581860	0.001056	0.417002	2
0.001052	0.809977	0.097095	0.091876	2
0.995852	0.000285	0.002154	0.001709	1
0.000314	0.000269	0.999091	0.000327	3
0.000518	0.971792	0.000196	0.027494	2
0.994222	0.000162	0.004256	0.001360	1
0.005291	0.912303	0.005350	0.077056	2
0.010048	0.979096	0.001646	0.009211	2
0.991463	0.000171	0.007835	0.000532	1
0.000364	0.000057	0.999549	0.000030	3
0.000454	0.983124	0.000238	0.016184	2
0.068173	0.001288	0.917765	0.012775	3
0.026664	0.000015	0.973088	0.000233	3
0.000023	0.992267	0.000028	0.007682	2
0.002740	0.992190	0.000185	0.004885	2
0.000020	0.002627	0.000233	0.997119	4
0.000098	0.149906	0.000637	0.849358	4
0.989058	0.000140	0.006900	0.003903	1
0.001238	0.938604	0.001260	0.058898	2
0.000156	0.984449	0.000042	0.015353	2
0.032188	0.000095	0.967019	0.000698	3
0.000626	0.000026	0.999107	0.000240	3
0.000020	0.996344	0.000372	0.003263	2
0.000041	0.951088	0.000049	0.048822	2
0.000011	0.000026	0.999918	0.000046	3
0.013642	0.034013	0.941809	0.010536	3
0.000006	0.000063	0.999860	0.000071	3
0.000072	0.981686	0.007194	0.011048	2
0.002181	0.222688	0.001145	0.773985	4
0.489510	0.246569	0.122578	0.141343	1
0.999201	0.000018	0.000746	0.000035	1
0.999774	0.000000	0.000191	0.000036	1
0.000155	0.000187	0.999105	0.000553	3
0.002220	0.046281	0.004346	0.947153	4
0.604916	0.339012	0.000445	0.055627	1
0.000406	0.994997	0.000075	0.004522	2
0.000046	0.000006	0.999936	0.000012	3
0.000072	0.000085	0.999796	0.000048	3
0.180789	0.052451	0.570297	0.196464	3
0.001318	0.119640	0.000495	0.878547	4
0.253018	0.000014	0.746930	0.000037	3
0.999265	0.000006	0.000369	0.000360	1
0.001088	0.000022	0.998875	0.000015	3
0.000003	0.000035	0.999942	0.000021	3
0.817113	0.108277	0.020397	0.054213	1
0.001990	0.000022	0.997852	0.000136	3
0.000195	0.993057	0.000648	0.006100	2
0.999352	0.000002	0.000603	0.000043	1
0.039741	0.000002	0.960239	0.000018	3
0.969050	0.000028	0.030643	0.000280	1
0.999737	0.000008	0.000235	0.000020	1
0.977591	0.003590	0.005011	0.013808	1
0.995553	0.001482	0.000696	0.002269	1
0.999483	0.000019	0.000253	0.000246	1
0.001987	0.749974	0.136614	0.111425	2
0.995505	0.000055	0.003375	0.001066	1
0.993933	0.000019	0.005614	0.000434	1
0.991247	0.000012	0.008234	0.000508	1
0.000001	0.000001	0.999998	0.000001	3
0.000007	0.998131	0.000004	0.001858	2
0.920626	0.000007	0.079311	0.000056	1
0.000868	0.981668	0.000122	0.017342	2
0.003385	0.568148	0.420728	0.007740	2
0.118344	0.433878	0.007253	0.440525	4
0.962226	0.001021	0.034129	0.002624	1
0.000483	0.979810	0.000119	0.019589	2
0.000106	0.860041	0.000647	0.139206	2
0.000003	0.000023	0.999970	0.000004	3
0.238655	0.000081	0.753586	0.007678	3
0.001254	0.709849	0.001720	0.287176	2
0.999076	0.000089	0.000779	0.000057	1
0.000001	0.000017	0.999966	0.000016	3
0.000124	0.817337	0.140285	0.042254	2
0.993566	0.000038	0.005641	0.000754	1
0.000030	0.979659	0.000084	0.020228	2
0.093842	0.829622	0.031360	0.045176	2
0.049392	0.001204	0.938649	0.010755	3
0.314787	0.000900	0.683085	0.001228	3
0.997967	0.000049	0.000313	0.001672	1
0.006953	0.954607	0.004203	0.034237	2
0.979671	0.003760	0.009732	0.006836	1
0.999356	0.000065	0.000192	0.000387	1
0.001755	0.809622	0.022351	0.166273	2
0.001016	0.978850	0.010101	0.010034	2
0.000407	0.963014	0.000052	0.036527	2
0.974198	0.006729	0.007379	0.011694	1
0.312876	0.003066	0.671533	0.012525	3
0.993897	0.000140	0.002369	0.003594	1
0.000012	0.000002	0.999984	0.000001	3
0.999519	0.000046	0.000388	0.000047	1
0.000464	0.918372	0.019953	0.061212	2
0.997712	0.000004	0.002114	0.000170	1
0.000019	0.000002	0.999971	0.000008	3
0.902996	0.000248	0.096328	0.000428	1
0.995245	0.000008	0.004437	0.000310	1
0.003751	0.612678	0.001040	0.382531	2
0.001824	0.965745	0.000293	0.032139	2
0.000501	0.984485	0.001339	0.013676	2
0.077483	0.610301	0.045431	0.266785	2
0.992770	0.001110	0.003007	0.003112	1
0.000069	0.000063	0.999745	0.000122	3
0.007177	0.684225	0.024652	0.283946	2
0.987088	0.000594	0.009752	0.002566	1
0.000732	0.162158	0.629691	0.207419	3
0.000018	0.000005	0.999959	0.000018	3
0.000032	0.980539	0.000052	0.019378	2
0.112692	0.000235	0.867915	0.019158	3
0.957624	0.000129	0.040225	0.002023	1
0.003103	0.000239	0.996023	0.000636	3
0.000673	0.613774	0.002691	0.382862	2
0.997530	0.000005	0.002459	0.000006	1
0.011855	0.000795	0.985596	0.001754	3
0.000448	0.857601	0.000452	0.141499	2
0.015931	0.928726	0.002595	0.052748	2
0.000167	0.001776	0.997013	0.001043	3
0.769864	0.010245	0.217029	0.002862	1
0.006698	0.807902	0.001636	0.183765	2
0.000633	0.000487	0.997183	0.001697	3
0.264241	0.049681	0.001254	0.684824	4
0.011771	0.980843	0.000115	0.007272	2
0.041413	0.046268	0.024733	0.887587	4
0.083940	0.000048	0.915528	0.000484	3
0.005061	0.000719	0.992214	0.002007	3
0.000013	0.000231	0.999684	0.000072	3
0.005076	0.971791	0.000040	0.023093	2
0.027098	0.000731	0.967972	0.004198	3
0.001105	0.030279	0.003219	0.965397	4
0.001061	0.968880	0.000452	0.029607	2
0.962719	0.002278	0.032256	0.002747	1
0.002052	0.000164	0.994613	0.003171	3
0.000508	0.991979	0.000289	0.007224	2
0.025478	0.011270	0.102779	0.860472	4
0.999717	0.000005	0.000251	0.000028	1
0.000158	0.092800	0.000505	0.906537	4
0.406184	0.190942	0.051854	0.351019	1
0.001850	0.142437	0.214175	0.641538	4
0.000323	0.000022	0.999464	0.000191	3
0.000009	0.996141	0.000031	0.003818	2
0.989894	0.002024	0.003148	0.004934	1
0.999820	0.000003	0.000170	0.000006	1
0.000035	0.950001	0.001473	0.048491	2
0.000172	0.000402	0.998722	0.000704	3
0.000017	0.000274	0.997695	0.002014	3
0.989762	0.000075	0.009582	0.000582	1
0.016881	0.486666	0.027865	0.468588	2
0.998728	0.000007	0.000988	0.000276	1
0.004187	0.945583	0.002962	0.047267	2
0.000010	0.000297	0.999314	0.000379	3
0.000020	0.000105	0.999843	0.000033	3
0.999866	0.000001	0.000127	0.000006	1
0.989995	0.000097	0.008976	0.000932	1
0.004156	0.000168	0.995485	0.000191	3
0.008585	0.020590	0.830377	0.140448	3
0.003902	0.093965	0.858530	0.043603	3
0.000152	0.000327	0.998816	0.000705	3
0.000441	0.956674	0.028689	0.014196	2
0.000010	0.003171	0.995483	0.001335	3
0.997319	0.000026	0.002262	0.000392	1
0.013829	0.053506	0.000391	0.932275	4
0.997722	0.000000	0.002272	0.000006	1
0.012110	0.001120	0.983013	0.003757	3
0.913150	0.000014	0.085504	0.001332	1
0.005708	0.766382	0.053802	0.174107	2
0.000464	0.978878	0.000167	0.020490	2
0.988922	0.000128	0.009499	0.001452	1
0.000080	0.000114	0.997374	0.002432	3
0.000019	0.997888	0.000385	0.001708	2
0.044168	0.149092	0.006150	0.800590	4
0.002152	0.000566	0.993504	0.003778	3
0.791190	0.000307	0.208421	0.000083	1
0.998810	0.000097	0.000269	0.000824	1
0.999585	0.000008	0.000389	0.000018	1
0.366966	0.000310	0.626544	0.006180	3
0.993324	0.000081	0.005480	0.001115	1
0.010695	0.838339	0.007586	0.143380	2
0.000002	0.000001	0.999991	0.000005	3
0.985468	0.000011	0.013982	0.000539	1
0.000002	0.000138	0.999841	0.000019	3
0.000036	0.001297	0.000008	0.998659	4
0.000433	0.012825	0.984617	0.002125	3
0.999297	0.000033	0.000447	0.000222	1
0.453670	0.032180	0.205765	0.308386	1
0.001435	0.972710	0.000122	0.025733	2
0.001868	0.748252	0.011113	0.238768	2
0.999902	0.000002	0.000050	0.000046	1
0.001372	0.131126	0.000504	0.866998	4
0.000026	0.982107	0.000608	0.017258	2
0.000192	0.954832	0.000400	0.044575	2
0.005624	0.014060	0.975075	0.005242	3
0.111415	0.000203	0.885291	0.003091	3
0.000339	0.000097	0.994669	0.004896	3
0.002456	0.234881	0.001099	0.761564	4
0.000001	0.000003	0.999993	0.000003	3
0.000162	0.098154	0.000054	0.901629	4
0.000383	0.000278	0.999184	0.000155	3
0.000746	0.000131	0.998879	0.000244	3
0.999193	0.000008	0.000755	0.000045	1
0.011026	0.672758	0.034268	0.281947	2
0.997663	0.000387	0.000061	0.001889	1
0.998682	0.000283	0.000206	0.000829	1
0.000171	0.008007	0.991034	0.000788	3
0.000440	0.001167	0.997187	0.001206	3
0.995781	0.000301	0.000878	0.003039	1
0.000138	0.983930	0.009910	0.006021	2
0.999749	0.000043	0.000134	0.000074	1
0.022482	0.380217	0.012405	0.584896	4
0.000759	0.987016	0.000045	0.012180	2
0.662094	0.002118	0.334741	0.001046	1
0.000731	0.000139	0.999079	0.000051	3
0.993216	0.000284	0.006299	0.000201	1
0.986395	0.003015	0.001487	0.009102	1
0.000551	0.666296	0.319298	0.013854	2
0.001056	0.192508	0.043631	0.762806	4
0.006677	0.000095	0.992922	0.000306	3
0.000975	0.984654	0.000183	0.014188	2
0.000536	0.964965	0.023606	0.010893	2
0.018147	0.946672	0.016026	0.019155	2
0.920591	0.007819	0.000371	0.071219	1
0.004468	0.308253	0.204422	0.482857	4
0.984622	0.000034	0.015256	0.000088	1
0.996638	0.000388	0.001196	0.001778	1
0.000744	0.000762	0.995845	0.002648	3
0.000307	0.995044	0.001945	0.002703	2
0.925418	0.001043	0.072508	0.001032	1
0.605516	0.000833	0.389772	0.003879	1
0.000006	0.000002	0.999988	0.000004	3
0.999968	0.000000	0.000031	0.000001	1
0.029159	0.069203	0.710814	0.190825	3
0.258660	0.000080	0.741068	0.000192	3
0.000063	0.002535	0.001073	0.996329	4
0.001702	0.043147	0.000253	0.954898	4
0.000747	0.008105	0.000061	0.991087	4
0.008565	0.952227	0.015724	0.023484	2
0.998133	0.000062	0.001246	0.000559	1
0.926654	0.000277	0.069477	0.003592	1
0.999802	0.000003	0.000019	0.000176	1
0.984819	0.001946	0.011506	0.001730	1
0.998802	0.000022	0.001052	0.000124	1
0.999823	0.000029	0.000077	0.000071	1
0.999091	0.000002	0.000903	0.000004	1
0.001873	0.221447	0.000505	0.776174	4
0.004353	0.146983	0.003230	0.845433	4
0.000108	0.951954	0.000035	0.047903	2
0.000297	0.000525	0.998540	0.000639	3
0.003618	0.934943	0.006437	0.055002	2
0.000477	0.002116	0.987964	0.009443	3
0.052531	0.362823	0.447749	0.136896	3
0.001949	0.000277	0.996826	0.000949	3
0.000148	0.029397	0.000802	0.969654	4
0.000037	0.968436	0.000016	0.031511	2
0.000140	0.985869	0.000458	0.013533	2
0.999144	0.000002	0.000756	0.000097	1
0.000087	0.000027	0.999873	0.000013	3
0.025446	0.312653	0.003385	0.658516	4
0.001393	0.000016	0.998511	0.000079	3
0.007607	0.019371	0.004814	0.968207	4
0.998891	0.000017	0.000896	0.000196	1
0.064022	0.000884	0.933011	0.002083	3
0.999860	0.000009	0.000113	0.000018	1
0.000011	0.998808	0.000080	0.001101	2
0.416412	0.000119	0.578101	0.005368	3
0.000045	0.000077	0.998626	0.001252	3
0.987933	0.000370	0.006558	0.005138	1
0.990371	0.000642	0.000604	0.008383	1
0.993942	0.000043	0.005281	0.000733	1
0.997968	0.000015	0.001475	0.000542	1
0.000001	0.000099	0.999799	0.000100	3
0.984013	0.000365	0.013453	0.002168	1
0.003717	0.010082	0.006551	0.979651	4
0.991565	0.001009	0.004876	0.002549	1
0.001359	0.960709	0.000321	0.037610	2
0.962314	0.001124	0.032604	0.003958	1
0.000001	0.000039	0.999954	0.000006	3
0.001100	0.134382	0.005802	0.858716	4
0.000025	0.875236	0.000135	0.124604	2
0.000155	0.036223	0.000042	0.963580	4
0.002933	0.860376	0.000237	0.136454	2
0.280245	0.000837	0.712713	0.006205	3
0.999749	0.000048	0.000150	0.000052	1
0.000004	0.000374	0.999599	0.000024	3
0.000020	0.001074	0.998742	0.000164	3
0.000093	0.001472	0.997397	0.001038	3
0.000146	0.972398	0.001036	0.026420	2
0.996249	0.000020	0.003552	0.000180	1
0.000055	0.000001	0.999903	0.000041	3
0.003878	0.462485	0.003278	0.530359	4
0.417118	0.001639	0.524816	0.056428	3
0.000005	0.990350	0.000004	0.009641	2
0.013301	0.000016	0.986492	0.000191	3
0.788210	0.000160	0.206416	0.005214	1
0.955817	0.000049	0.043827	0.000307	1
0.062676	0.273166	0.013414	0.650744	4
0.999908	0.000000	0.000073	0.000019	1
0.002241	0.000043	0.997581	0.000135	3
0.000230	0.002758	0.995376	0.001635	3
0.000755	0.018908	0.025887	0.954451	4
0.005834	0.002195	0.983888	0.008083	3
0.000015	0.000016	0.999950	0.000020	3
0.000021	0.000124	0.999779	0.000076	3
0.973261	0.000681	0.023104	0.002953	1
0.000114	0.988128	0.000043	0.011714	2
0.000516	0.846217	0.000557	0.152710	2
0.000268	0.028923	0.000733	0.970076	4
0.998216	0.000355	0.001115	0.000314	1
0.996201	0.000269	0.003194	0.000336	1
0.277107	0.589033	0.011376	0.122484	2
0.968452	0.000066	0.030786	0.000696	1
0.004974	0.063912	0.021457	0.909657	4
0.000646	0.035152	0.962156	0.002046	3
0.981967	0.002556	0.003583	0.011895	1
0.005419	0.855869	0.001360	0.137352	2
0.004621	0.003208	0.990282	0.001889	3
0.999268	0.000195	0.000377	0.000160	1
0.998705	0.000142	0.000482	0.000671	1
0.016251	0.014054	0.731634	0.238062	3
0.000083	0.080034	0.000768	0.919115	4
0.168692	0.041212	0.029841	0.760255	4
0.999502	0.000031	0.000389	0.000077	1
0.000047	0.066926	0.931095	0.001932	3
0.018203	0.957520	0.019147	0.005130	2
0.002393	0.298678	0.004710	0.694220	4
0.001586	0.286973	0.013352	0.698090	4
0.000843	0.858449	0.000672	0.140036	2
0.963444	0.009789	0.000439	0.026328	1
0.992114	0.000435	0.000811	0.006641	1
0.000005	0.000205	0.999566	0.000224	3
0.000058	0.000105	0.999501	0.000336	3
0.015886	0.027267	0.817188	0.139659	3
0.000469	0.533088	0.011277	0.455166	2
0.000006	0.000060	0.999893	0.000042	3
0.998260	0.000015	0.001644	0.000082	1
0.013823	0.015711	0.932871	0.037595	3
0.001094	0.538561	0.000053	0.460292	2
0.000960	0.977876	0.000806	0.020358	2
0.043714	0.004753	0.948045	0.003487	3
0.001483	0.204589	0.002788	0.791139	4
0.004725	0.989961	0.000074	0.005240	2
0.999798	0.000003	0.000176	0.000023	1
0.000032	0.000004	0.999959	0.000004	3
0.745011	0.000035	0.254659	0.000294	1
0.001001	0.000202	0.997770	0.001027	3
0.000001	0.000013	0.999981	0.000004	3
0.954066	0.000155	0.043128	0.002652	1
0.000453	0.976275	0.000208	0.023064	2
0.176720	0.000418	0.816017	0.006845	3
0.000376	0.000054	0.998919	0.000651	3
0.931711	0.000998	0.066216	0.001074	1
0.000267	0.954731	0.000174	0.044829	2
0.953443	0.000021	0.046500	0.000036	1
0.992965	0.000083	0.006389	0.000563	1
0.999043	0.000044	0.000858	0.000056	1
0.998406	0.000069	0.001423	0.000102	1
0.000014	0.982798	0.000061	0.017127	2
0.017560	0.253124	0.008176	0.721140	4
0.062238	0.000474	0.936518	0.000770	3
0.000135	0.958074	0.003494	0.038297	2
0.995021	0.000002	0.004632	0.000345	1
0.001128	0.313633	0.022296	0.662943	4
0.000037	0.000824	0.999093	0.000046	3
0.013404	0.055925	0.001749	0.928921	4
0.117532	0.007943	0.770666	0.103859	3
0.996306	0.000433	0.002911	0.000350	1
0.633663	0.214402	0.000394	0.151541	1
0.740550	0.003701	0.121975	0.133774	1
0.000188	0.981556	0.000669	0.017587	2
0.000009	0.962271	0.000012	0.037707	2
0.004529	0.000001	0.995439	0.000031	3
0.998444	0.000181	0.000336	0.001039	1
0.000012	0.001148	0.998200	0.000640	3
0.000089	0.000066	0.999768	0.000077	3
0.000106	0.000154	0.998828	0.000911	3
0.002713	0.007239	0.975746	0.014303	3
0.002633	0.077283	0.065215	0.854869	4
0.000552	0.002707	0.995389	0.001352	3
0.489291	0.027462	0.476393	0.006855	1
0.000145	0.490962	0.000731	0.508161	4
0.004439	0.041604	0.694249	0.259709	3
0.000667	0.109075	0.000724	0.889533	4
0.020001	0.002483	0.930664	0.046852	3
0.619495	0.055538	0.215546	0.109421	1
0.000002	0.000028	0.999930	0.000040	3
0.000001	0.000002	0.999996	0.000002	3
0.000342	0.900893	0.021823	0.076942	2
0.752234	0.197734	0.001511	0.048522	1
0.000011	0.000346	0.999546	0.000097	3
0.000003	0.000010	0.999976	0.000011	3
0.160262	0.000586	0.831508	0.007644	3
0.995603	0.000550	0.003458	0.000389	1
0.000507	0.048241	0.040502	0.910750	4
0.999960	0.000000	0.000036	0.000004	1
0.017178	0.032726	0.918149	0.031946	3
0.003127	0.874457	0.007111	0.115305	2
0.999523	0.000004	0.000451	0.000023	1
0.000444	0.982889	0.000238	0.016429	2
0.000271	0.990690	0.000762	0.008277	2
0.000061	0.000024	0.999855	0.000060	3
0.970931	0.000048	0.028594	0.000427	1
0.077425	0.061794	0.265050	0.595731	4
